3801
3509
3216
2924
2631
1754
1755
1754
2046
1461
1754
1462
2339
2631
2923
2923
1754
2046
1754
1462
1461
1754
1754
2923
2339
2338
42391
20172
1754
2339
1754
1754
1754
2047
1462
1461
1462
1462
1462
1462
1461
1170
1170
1170
1462
1461
1169
1462
1461
1169
1462
1170
2339
1462
2339
2338
1462
1754
1754
2339
1462
1462
1462
2339
4677
2047
1461
1755
1754
1754
1462
1462
1461
1462
1169
1755
1462
1169
2046
1754
1462
1754
1461
1462
2046
1754
1462
1461
1170
1462
1462
1169
1170
1461
1461
1754
1169
1461
1170
2339
