19588
4970
7017
4970
4385
4678
4385
4093
4385
3801
5554
4385
3801
3216
2923
2631
2339
2924
10817
2631
4385
6432
2631
6724
5263
3801
3508
2923
2631
2631
3800
23095
6432
73673
3216
4678
2047
2339
2339
2631
2631
2924
21049
3801
3508
2631
3216
4970
2631
2339
2046
2924
2047
2923
2631
5847
4970
2047
2339
4678
4970
2923
2631
23680
4093
2338
3509
10525
5263
6432
6139
5554
10233
4093
5262
5555
6432
5555
5262
2339
2924
2046
641125
2923
2924
2339
2046
2047
2339
1754
4385
2339
2924
2047
2338
2339
4093
2046
2338
2046
