19295
3508
2924
2631
4093
3216
7016
5847
3216
3216
4385
3801
2632
2924
2924
2338
4970
3801
6724
2632
2924
3800
1754
2046
2046
1754
2046
1754
2923
2339
2923
4093
2046
1754
2047
1754
1754
1754
1754
1754
1462
1754
14910
1754
2339
1462
1462
1462
1462
1462
1462
2632
1462
1461
2339
1462
1169
1755
2047
1462
1461
1462
1462
12571
1754
1170
1461
1754
1462
1461
1462
1169
1169
1462
1462
1169
1462
1462
1462
4678
1169
1462
636155
1754
1170
1169
1462
1462
1169
1170
1462
1462
1462
1462
1170
1462
1169
1461
1462
1170
