33620
15495
11110
9940
9647
9939
10817
10232
9940
9939
9939
9648
9940
9356
9940
9355
9648
9356
11986
9355
11987
9647
9356
9648
9355
9355
9355
9647
9356
9355
9355
10525
9355
9355
9355
9355
9355
9355
9355
9355
9940
9355
9355
9355
9648
9356
9355
9356
9355
9063
9648
9648
9355
9648
21342
9355
9648
9356
9355
9063
9940
9355
9356
14617
9648
9647
9355
9355
9355
9647
9355
9647
9355
9355
9355
9355
9063
9356
9355
9063
9940
9647
9356
9355
9355
9648
9355
9355
9648
9355
9063
9063
9355
9355
9063
9355
9062
9063
9355
9355
10233
9355
9356
9356
9355
40929
9940
9355
9355
9356
9355
9355
9648
9355
9355
9063
9063
9356
9062
9355
14618
9356
9356
9063
9355
9355
9648
16956
9940
9648
9648
9648
9355
9648
9648
9647
9647
9356
9355
9939
9648
9356
9355
9355
9355
9355
9648
10817
9648
9355
9356
9648
9356
9355
9355
9355
9356
9355
9355
9647
9648
9356
9647
9648
9647
43560
26312
11694
9648
9355
9648
9355
13155
1170
1169
877
1170
1169
1462
1169
1169
1170
878
877
1169
1169
1170
1170
1461
1169
1462
1169
1169
1169
1169
877
1169
1169
1169
1461
1170
1170
1170
1170
1170
1169
1169
1169
1169
1169
1169
1169
1169
877
1169
1169
1169
1169
1169
1169
1169
1169
1169
1169
878
1170
1169
1169
1169
1169
1169
1169
1169
1170
1170
1170
1170
1170
1170
1169
877
1169
1169
1169
1169
877
1169
1169
1169
1169
1170
1169
1169
1169
1169
2923
1462
1170
3216
1462
1170
1169
1169
1170
1170
1170
1754
1170
1462
1169
1169
1169
1169
1169
877
1169
877
877
1169
1169
877
1169
877
1170
1169
2046
1170
1169
877
1169
3800
1170
877
877
877
877
877
877
1170
877
877
878
877
877
877
877
877
877
878
877
877
877
877
877
877
877
877
877
877
877
877
877
877
877
877
877
877
877
877
877
877
878
877
877
584
877
877
878
877
877
877
877
877
2046
1462
877
585
877
585
877
877
877
585
877
877
877
877
585
877
585
584
585
877
877
585
585
585
877
877
585
585
584
877
877
585
877
877
585
585
585
584
877
584
585
1169
585
877
585
585
585
877
877
877
584
2923
877
584
877
877
585
584
877
585
585
877
877
584
585
585
584
877
584
585
877
585
877
877
585
584
877
877
877
1754
877
585
585
585
877
585
584
585
585
585
584
585
585
585
584
585
585
585
584
1754
877
877
877
585
584
585
585
584
584
585
877
585
585
877
878
585
585
877
584
585
585
877
584
585
877
585
877
585
584
877
585
585
584
585
585
878
584
584
585
877
585
584
584
585
585
877
584
585
585
585
585
585
585
584
877
585
585
584
585
877
585
584
585
584
585
585
585
584
584
585
585
584
584
585
877
584
585
585
877
584
585
585
584
585
585
585
585
585
585
584
585
585
584
585
585
585
584
585
584
585
585
584
585
585
585
584
877
585
585
585
585
877
585
585
584
585
584
584
585
585
584
584
585
585
585
585
585
877
584
585
585
584
877
584
878
585
585
584
585
585
585
584
585
585
585
584
585
585
584
585
585
585
584
584
585
585
584
1462
877
877
877
1169
584
585
584
877
877
584
585
585
584
585
877
585
584
585
585
876
585
584
585
585
585
584
585
585
585
585
585
585
585
585
584
877
585
585
584
584
585
585
585
585
585
584
585
585
585
584
585
585
585
585
585
877
584
585
585
585
584
585
877
585
584
877
585
584
585
585
585
584
877
585
585
877
877
585
585
584
585
585
584
585
585
877
584
585
585
584
585
585
584
877
585
585
877
584
585
877
585
584
877
585
584
585
877
585
584
584
585
585
584
585
877
585
585
585
585
584
877
585
877
585
585
585
584
585
585
584
877
585
585
585
585
584
585
585
585
584
585
877
585
584
585
585
585
585
585
877
584
585
877
585
584
585
877
4678
878
585
584
585
585
584
877
877
585
877
585
584
585
585
877
585
877
585
584
585
585
585
584
877
585
584
584
585
585
585
584
585
585
878
584
585
584
585
585
584
585
585
585
877
584
585
877
585
585
585
585
877
584
585
585
877
584
585
585
585
877
585
584
585
877
585
584
585
585
585
584
877
585
584
585
585
584
585
877
585
584
585
585
584
585
585
585
584
585
877
585
584
584
585
585
876
585
585
584
877
585
585
877
584
585
585
585
585
585
585
585
585
584
585
585
584
584
585
585
584
585
585
584
585
585
584
585
877
585
585
585
877
584
585
877
585
584
585
585
584
585
584
584
585
877
585
584
585
585
584
585
585
877
585
585
584
1169
585
585
585
584
877
585
877
877
585
584
585
585
585
877
585
585
584
585
585
585
585
585
584
585
585
585
584
584
585
585
877
585
585
877
877
585
585
584
877
585
585
585
584
585
585
584
585
585
585
584
584
585
585
877
584
585
585
584
585
585
585
584
584
585
585
877
584
585
877
585
585
585
585
584
584
585
877
585
584
877
585
585
585
585
