19880
4093
4970
3800
3801
3801
3216
4970
3801
5848
4678
4970
4678
2047
2046
2047
2924
2339
6724
2047
2631
5847
2923
3216
3216
3508
2339
2631
2923
2631
2923
9940
2339
2046
1754
1754
2046
1754
1461
1462
1754
1754
20172
1754
1462
2047
2924
1754
2046
1754
1754
1754
1462
1754
1754
1462
1754
2047
2339
2631
1462
1754
1462
20464
2046
1462
1462
1755
1754
1754
1461
2924
1754
1461
1462
1462
2046
1461
1462
1755
1462
1462
687025
2339
2339
1754
1462
1462
1754
1754
1754
1462
1754
1462
1461
2046
1754
1462
1754
1461
