108169
112555
111678
101738
109631
99399
106708
97937
96768
97353
99107
97645
101446
96476
91506
76011
73087
72503
72503
72211
71626
70749
69871
70456
69580
70164
69872
69871
71333
70457
70457
69871
69579
68702
68994
67825
68703
68410
68411
70164
69872
70457
69872
82736
79227
76011
74550
72796
71918
70749
71042
70457
70164
71626
71333
70456
69871
69287
68994
68995
68410
68117
69579
68703
68995
69872
70456
69287
68995
68995
68118
68702
69287
68410
67825
69579
68994
69872
69579
69287
68703
68702
68703
68410
68995
68703
68702
68703
70164
69579
75427
68995
68702
68995
67533
68117
67825
68118
68118
69288
68995
68995
68994
68411
68702
70749
68411
85366
78058
75719
73672
73088
71626
71626
71333
71041
71041
70748
70749
69579
70456
69287
69872
68702
68702
68995
70165
70749
69872
70165
69579
69580
68995
69872
68702
69872
84197
83027
78350
76011
74549
72795
72211
71626
71626
71918
71626
70749
71041
69872
70164
71626
71041
70749
70749
70456
70456
70457
69580
69579
68995
69579
68118
69287
81273
77765
75719
73965
73087
73380
72795
83320
77765
74257
74257
72795
71626
70456
69872
70164
70164
71334
71626
70749
82443
77181
74257
72795
71626
72211
71334
70457
69580
70456
69580
70164
68411
68994
68702
68702
69872
69872
69287
68995
68995
68703
68702
67825
68703
67826
68995
67825
68703
69872
69872
69580
77181
69288
68994
68410
68117
68702
68995
68410
68410
69580
69579
70748
70164
68410
70748
68702
69580
68702
68410
68410
69287
69872
68995
68703
68702
68410
67533
68411
68118
68702
68410
68118
68410
68995
69287
68703
69579
69287
68702
67825
68117
67826
68410
69287
68994
69287
68410
68995
68118
68703
67533
67825
67241
67825
67533
68702
69287
68410
68410
67241
67825
67826
67825
67533
67825
67534
68118
67826
68410
69579
68995
68995
70164
73673
67533
68410
67825
68118
68995
69287
69872
70164
71334
69872
72796
68118
68995
67825
68118
67826
67533
67241
68410
69287
68703
69287
68410
68703
67825
68410
67533
68703
68410
68410
68995
69287
68995
69287
68703
67826
68703
68118
68703
67241
67826
67533
68410
69287
68703
68995
68702
68994
68410
69579
67825
67826
67533
68117
68702
69579
69288
68118
68702
67533
68703
67240
67825
67533
67825
67533
67825
67825
68995
68703
68118
68995
67533
68410
67241
67825
66948
70749
67533
68702
69872
68410
68995
67825
68118
68118
67825
67533
67825
66949
67826
68118
68995
69287
67825
68117
67241
68410
68410
69579
67826
68410
67240
69287
68995
68702
68118
68118
68118
67825
68118
66948
67826
66656
67825
66948
68118
68702
68702
68702
68118
68118
67533
68118
67241
68410
69287
73380
68702
69579
68994
69872
70456
69580
69579
67826
68118
68702
69580
67533
68702
68995
69580
68703
68703
70457
68410
68702
67533
68117
66949
68117
67826
68995
69287
69288
68410
67241
68702
66948
67826
67825
68118
67533
68702
68117
70164
69579
68118
68410
68118
68703
68118
68410
67826
68118
67240
69287
68995
68702
68995
67533
68118
66948
67533
68118
68118
67241
67533
67826
68410
68994
68118
68995
68411
68118
68702
68702
67533
67825
67241
67533
68410
68703
68410
68703
68410
67825
68117
67241
68410
67533
68411
67241
68703
69287
69579
68118
68118
68118
68118
67825
67241
67533
66949
68118
67825
69579
69288
68118
68410
68118
68995
67533
68703
67241
67533
67533
68703
68995
69288
68702
68117
68118
67533
67825
67533
68117
67533
69580
69579
70749
70748
70749
71334
75427
70164
69579
68410
68410
68118
67533
67825
68410
68702
68702
68410
68703
67533
68410
67533
68410
68118
67825
68410
69580
69579
68118
68702
68118
68118
67533
68995
68410
68118
67241
68117
68994
69287
70749
68702
68994
67825
70164
68410
68410
67825
68410
67826
68702
69579
69287
69287
68702
68703
67825
68702
68410
68411
67533
67825
68995
69287
69580
68702
68703
68118
85074
75719
74257
73672
72503
71333
70164
74841
69579
70749
70749
70748
68410
68118
68410
69580
69871
70456
68702
68995
67826
68995
67533
68410
67533
68411
67533
68703
70164
69288
69287
68410
68994
68410
68702
68410
68703
67825
68410
68995
69288
68995
68410
69288
68702
71041
69871
68410
68410
68118
67533
68703
69287
68995
69287
68410
68410
67825
68117
67825
68118
66948
67825
67825
69287
69287
68995
68995
68702
69287
68118
69288
67826
68995
67825
68995
68995
69872
69580
69287
68995
68118
68117
67533
73672
67240
67533
68410
69287
69287
68410
68702
68118
68410
67533
68703
66949
68703
68118
68702
71334
68995
68994
69580
68703
67825
67826
68118
68410
67533
68117
69287
70749
68995
68703
68703
67533
68995
67826
68410
68118
68410
68117
70164
69872
69287
68995
68703
68995
67826
69287
67825
68410
67533
68118
69872
69287
69287
68703
68995
68702
68410
67533
68702
67825
68703
67241
68410
69287
68995
69579
68703
68410
68118
67825
67240
67241
67825
68118
82736
79227
75719
73381
72795
70164
70749
70749
71333
69872
68995
69580
68995
83612
78935
74842
73380
72503
71333
70749
70456
70164
76012
70749
71041
69580
69872
69580
69287
68702
68995
68702
69287
70456
70749
70456
69287
71041
68702
70749
69872
70749
69580
68118
68703
69580
69872
69580
68994
70164
70457
68410
68995
68118
81859
79228
79811
74550
73965
72211
72795
72210
70456
70164
69579
68995
69287
82735
77181
74550
73087
71918
71041
71333
70749
69872
70748
70749
71333
71041
69871
69287
70164
68995
69872
68703
68703
69580
70164
69872
70457
68995
68410
68995
67533
67825
67533
68995
68995
69580
68995
68702
107878
67826
68118
67241
67533
67826
68118
67826
69580
69872
68702
70456
67826
68995
68411
67825
66656
67533
67533
69287
69287
68994
69287
68702
83612
80104
76888
74842
73088
71626
70749
71334
70456
70749
69288
70164
70164
71041
70457
69579
70164
68702
69287
68994
69288
69579
68994
68994
70749
70457
69579
69287
68118
69287
68410
68702
67825
68410
67533
68995
69872
68702
68995
68410
68117
68410
68118
67533
68410
67533
69287
70164
70164
69872
68995
68703
69287
68995
68118
70164
68995
70749
69872
68702
69580
68410
68995
68118
68995
68117
68410
68411
68995
69287
69872
69872
68703
68703
68410
68995
68410
68703
68410
68702
69579
69580
69579
69287
68994
68703
68118
68118
68410
67826
68995
68995
69579
69287
68411
68118
67533
68118
68118
68118
67241
67533
67241
68410
69580
68702
68995
67826
