537633
541726
540264
538218
544649
539387
541141
532663
533248
609259
538510
534709
534124
537633
534417
533540
535294
532370
532955
539387
537925
533540
532955
538218
537341
535879
533247
542895
542311
534418
532663
530909
533540
533248
532370
531494
532956
532663
529448
533540
532371
530617
533540
532663
536756
533247
534125
535002
541142
543773
536756
533541
532663
560729
539094
535002
539679
532371
534417
546111
534124
531202
544650
540849
534417
536463
532956
532371
538510
533540
532956
537341
532371
533540
538510
533540
545234
532956
541433
542603
540557
536171
536756
538803
533833
531494
532955
532371
532663
531494
533248
533833
532078
531202
531201
532956
536464
533540
532079
532663
535294
530909
533248
535586
530909
531202
548158
536464
537341
539094
533247
531201
534417
550496
537633
533832
533247
535294
547281
532955
531201
535587
536755
535295
531786
539095
545819
533248
532078
542018
531201
550497
542311
550204
532370
532371
532663
532079
533833
534417
531493
537340
532078
533540
535879
533248
530909
534417
533540
533540
533540
532079
538802
535586
533832
531493
532663
545818
542896
539679
551081
542311
537633
532955
534710
535586
532955
534710
535002
533833
532663
540556
533540
536464
533832
537633
538510
534125
534710
534417
533248
534417
539095
535294
542896
544650
535002
565407
541142
538802
540264
539387
535002
532956
546111
542311
533833
534417
533540
537341
537341
538217
537048
537341
543479
539387
534125
536172
544357
536755
542018
563067
539680
537926
534710
535587
537925
534709
529739
535294
531202
538217
531494
530909
531494
532370
544942
535879
537048
532955
536756
536464
532371
532371
535002
535587
595811
542603
571546
535294
533540
540556
538218
535587
532955
537049
535586
535002
532955
532956
532371
540849
539387
539679
533540
535587
537341
532371
533540
534125
536756
537633
540264
539680
538802
540556
537049
535879
537048
535002
534709
535586
534418
539095
538218
574177
537049
533540
548157
539972
534710
539972
537633
532955
532370
533832
537925
534417
534125
535294
536171
535879
534709
533540
535294
536756
537633
534710
533833
532663
536464
539095
536756
533832
535294
553420
535295
533248
533833
537048
534710
533540
533248
535879
532955
539972
542895
535002
535002
542895
539680
537048
532663
535002
537925
532663
532956
534417
534125
532955
534709
535879
535002
533248
531786
539679
1334289
541141
539387
534709
535294
558389
540849
539387
535295
573007
532955
539094
574762
539095
536171
534417
535002
535002
534417
536464
536171
534709
540849
556344
533832
540557
544358
534710
533247
532955
537048
543772
542018
537341
532663
532079
534710
552251
541433
532956
532370
531493
534125
532663
531201
532955
532371
535001
542603
534125
533247
537340
542311
533248
532078
531786
534709
540557
540264
537341
551081
534417
532955
534125
534709
533833
544941
581778
545234
535002
533540
534417
542019
533540
532370
535294
549327
533540
536756
532079
535002
534417
534709
568622
576515
541434
534709
533247
534125
533248
531493
534125
535879
540556
537926
532371
532370
538803
535002
533833
532371
537633
536464
538803
534124
533248
534710
553713
535295
532663
542603
535586
533833
544649
532370
532078
531201
534125
531202
535586
532078
538510
541141
538510
532956
541725
537049
532955
532371
532663
540849
541726
535295
532663
532664
531202
549327
540264
536171
543187
537925
534710
534125
533540
536172
534710
537340
534125
536171
535879
546404
536463
534125
532371
535294
534709
539095
547865
530909
535294
536171
532663
544357
541434
536756
534417
531201
539680
533248
533248
549327
535002
532078
535879
532370
533832
535879
533541
531494
531201
533540
533540
531202
532079
536171
551374
555174
532663
540556
539680
535879
546696
537633
537925
533248
533540
539971
536756
536464
545818
540557
580024
559560
543187
549912
544357
546696
543480
550789
540557
565991
566868
541141
543188
538510
544650
541726
544064
539094
557220
591426
542602
543188
538803
541726
533248
627970
539971
533540
536756
535586
534125
541141
539094
533248
535294
534417
530909
532079
532370
551374
538510
537048
537340
530617
552835
531201
531201
531494
533248
533833
537925
532078
530909
530032
531494
531201
539095
534125
538218
541433
546403
533540
535002
538510
546696
543188
536171
535587
535294
546696
536464
533540
538218
534417
541434
533247
533248
538217
537049
535002
536463
535587
536756
537633
534418
541141
536755
537925
533832
532956
538218
535879
539972
536464
535879
536756
534710
533248
532370
539680
542895
532663
533248
535879
536463
533832
538218
533540
538802
533248
533541
536171
535879
542018
535879
533541
533247
538217
544065
536171
532956
537048
541726
537633
531493
530032
546696
535002
541141
532663
541726
537049
534709
535586
539972
532371
532955
534125
535879
571546
539387
536171
532370
539679
542603
540557
534125
542019
541433
536756
535002
533247
535879
533248
532371
533833
532956
535002
533540
538218
536756
532371
535294
541725
536171
537925
538510
532370
542311
537048
544357
540265
539094
554589
535879
534418
536464
533540
535294
539387
547573
532663
533540
532371
535878
535295
533540
536171
534709
535002
532955
533248
533832
544649
533248
532955
544065
543187
537340
540557
532663
530909
542603
538217
535879
532371
537926
537048
534710
532955
535879
532663
532663
533248
536464
537049
539095
541434
549327
538510
534709
535294
551666
538803
536171
537633
538218
541434
535587
539095
535294
536171
581778
535879
538510
532371
533540
536756
532371
532955
532371
532663
532371
532079
532955
531201
533541
532078
543187
537633
536463
537633
537049
538802
533833
536463
541141
533833
531494
531493
537633
537048
536463
532371
533540
550497
533247
537341
534710
536172
537926
535002
533833
532663
535587
544941
550204
537340
532370
535879
534417
535587
535586
533248
532955
537340
536463
535002
533540
535879
534417
533833
532370
543772
534125
532663
532371
534125
538510
533833
531786
543773
537340
539972
533248
534417
535001
532370
534125
532371
535002
532663
529739
532079
540557
535294
536463
532955
531201
539679
533832
540264
533540
532371
533248
533832
537633
540556
537633
542019
537048
539972
534124
539387
536756
535879
537925
535002
534417
534709
534417
537926
533833
535295
535587
539679
536756
531493
537048
535294
566575
531201
532663
551959
558682
534710
533832
536756
538218
532079
540265
541434
531786
538510
538803
538803
536171
532078
542310
537048
543480
533540
532078
532663
532663
532370
532371
531786
531786
543773
544065
534709
532078
532664
556929
533248
533248
530909
532371
532663
535587
531201
530617
532371
531786
544649
534124
536464
534710
535002
536171
532371
535586
536756
533833
540849
546988
535879
533540
532371
585871
539680
534417
538803
536756
540264
534125
540848
541434
539972
533248
533248
539387
535294
534125
544649
535586
539679
533541
532370
540264
535002
546404
538217
535294
533540
533832
532955
532955
533540
532663
532371
529447
530325
541434
540848
532078
534124
532663
547280
532663
532078
539387
535586
544941
542603
536171
539095
538802
535587
541726
535002
541726
