128342
85659
80689
70749
68118
81566
65487
66071
67240
57301
34205
29235
28943
28650
29819
28942
28358
29235
28943
29528
29235
29235
30404
35083
30404
28650
30405
28943
30697
29236
29235
28943
29235
29527
29235
29820
43560
9356
9356
8186
8478
7894
8185
7893
7893
7893
9355
8185
6724
6432
5847
5847
6140
5847
5847
5847
5555
6431
6140
5847
6139
6432
5847
5555
5847
5847
6139
5555
5847
6724
5847
6724
5847
6139
5847
5847
6432
5555
5847
5847
6432
5847
5847
5847
5847
6140
5847
5555
5847
5846
6140
5847
5847
6140
18126
35082
6140
5847
5847
5555
6724
5555
5555
6139
6140
5847
5847
5555
5847
6139
5847
5848
5848
6139
6140
5847
14033
11109
6139
6432
5847
5847
5847
6432
5554
5847
5847
5555
6139
5847
5847
5847
5555
5847
6139
5847
5847
5554
5847
6432
6139
5847
5847
5555
5555
5847
5847
8185
6139
5555
6431
5847
6139
5555
5847
5554
5847
6140
5847
5554
6140
5848
6432
5848
5554
5555
6139
6139
5847
6139
5847
5847
5847
5847
5554
5847
6140
5847
5848
6140
6432
5848
6139
6140
6139
6724
6432
5847
5847
5847
6431
5847
49700
9062
7894
6432
5262
5263
5555
5262
5847
5262
5262
5263
5554
5262
5263
4970
5555
5554
5262
5262
5262
5263
5554
4970
4970
4970
5262
5555
5262
4970
4970
5555
5262
5262
5263
4970
5555
5262
5263
5555
5262
5555
5262
4970
4970
5262
5554
5263
4970
5262
5555
4970
5262
27189
7893
5847
4678
4970
4970
4970
5555
4970
4970
5262
5847
5262
4970
4677
4970
4970
4970
4678
4970
11110
2923
2924
2631
2339
2631
2631
2631
2631
2631
2339
2631
2631
2631
3216
2631
2631
2339
2631
2631
2339
23680
2631
2339
2339
2046
2339
2339
2338
2339
2339
2047
2338
2047
2339
2339
2338
2047
2046
2339
2046
2339
2339
2046
2339
2339
2339
2046
2339
2339
2338
2339
2339
2339
2338
2047
2339
2339
2046
2339
2339
2338
2339
2339
2339
2338
2339
2046
2339
2046
2047
2339
2339
2338
2047
2339
2339
2046
2047
2339
2339
2046
2339
2339
2338
2047
2339
2339
2338
2047
2339
2339
2047
2047
2339
2046
2339
2339
2047
2338
3509
2339
2339
2339
2339
2047
2339
2047
2338
2339
2339
2046
2339
2339
2046
2631
2339
2046
2339
2339
2046
2339
2046
2339
2046
2338
2047
2339
2339
2047
2338
2339
2046
2339
2339
2339
2339
2047
2339
2338
3216
2339
2338
2339
2339
2339
2047
2339
2339
2338
2339
2339
2339
2046
2339
2338
2047
2339
2047
2339
2046
2339
2339
2339
2047
2339
2339
2046
2339
2046
2339
2338
2339
2339
2046
2339
2046
2047
2338
2339
2339
2047
2339
2339
2046
2339
2338
2339
2339
2339
2339
2047
2339
2339
2339
2046
2046
2339
2339
2339
2047
2338
2339
2339
2046
2339
2632
2339
2339
2338
3509
2339
2339
2046
2339
2338
2339
2046
2047
2339
2047
2046
2339
2047
2338
2339
2339
2047
2339
2339
2046
2339
2046
2047
2046
2339
2338
2339
2339
2047
2338
2339
2046
2047
2338
2339
2339
2339
2046
2047
2339
2339
2339
2339
2339
2339
2338
2047
2046
2339
2339
2046
2046
2339
2047
2339
2047
2338
2339
2338
2339
2046
2047
2339
2339
2339
2047
2046
2339
2339
2339
2046
2339
2339
2339
2339
2339
2338
2047
2338
2339
2046
2047
2047
2339
2339
2046
2339
2339
2339
2046
2046
2339
2339
2339
2046
2339
2046
2047
2338
2047
2046
2339
2046
2047
2339
2339
2339
2339
7893
2339
2339
2046
2339
2047
2339
2339
2339
2338
2339
2339
2338
2047
2046
2339
2338
2339
2338
2339
2046
2047
2047
2339
2046
2339
2338
2339
2046
2047
2339
2339
2339
2047
2046
2046
2047
2339
2339
2338
2339
2046
2047
2339
2339
2046
2339
2046
2047
2339
2046
2339
2339
2047
2338
2339
2046
2339
2339
2339
2047
2046
2339
2338
2339
2338
2047
2046
2339
2339
2339
2338
2047
2046
2047
2338
2339
2339
2339
2046
2046
2047
2339
2339
2338
2047
2339
2339
2338
2047
2339
2339
2339
2338
2339
2339
2046
2339
2339
2339
2047
2338
2339
2339
2338
2339
2339
2047
2047
3508
2339
2339
2046
2339
2339
2046
2339
2339
2339
2338
2339
2046
2047
2046
2339
2339
2339
2339
2339
2339
2338
2047
2339
2047
2338
2339
2339
2339
2046
2339
2047
2046
2046
2339
2339
2338
2339
2339
2339
2046
2047
2339
2339
2046
2339
2339
2339
2047
2339
2339
2339
2339
2339
2047
2046
2047
2339
2339
2046
2339
2338
2339
2339
2047
2047
2046
2047
2339
2339
2338
2339
2339
2339
2046
2047
2339
2339
2339
2046
2339
2046
2046
2047
2338
2339
2339
2047
2338
2339
2339
2339
2046
2338
2047
2046
2046
2047
2339
2046
2046
2047
2046
2339
2339
2047
2046
2339
2047
3508
2339
2046
2339
2046
2339
2047
2338
2339
2339
2339
2339
2046
2339
2047
2338
2047
2046
2339
2338
2047
2046
2047
2338
2047
2339
2339
2339
2338
2339
2338
2339
2046
2047
2339
2339
2046
2047
2046
2339
2338
2047
2046
2047
2338
2339
2339
2047
2046
2339
2339
2339
2339
2046
2339
2046
2339
2339
2339
2338
2339
2046
2339
2046
2047
2339
2339
2046
2339
2339
2339
2046
2339
2339
2339
2046
2047
2339
2339
2046
2047
2339
2339
2046
2047
2046
2339
2339
2339
2339
2338
2339
2046
2047
2339
2339
2339
2339
2338
2339
2047
2338
2339
2339
2046
2046
2339
2339
2046
2046
3509
2339
2046
2339
2046
2339
2047
2338
2339
3800
2046
2339
2046
2339
2339
2339
2339
2339
2046
2047
2339
2339
2046
2047
2339
2339
2339
2339
2339
2339
2046
2047
2046
2339
2339
2339
2338
2339
2339
2339
2339
2046
2339
2338
2339
2339
2339
2046
2046
2046
2047
2046
2339
2339
2338
2339
2046
2339
2339
2046
2339
2338
2339
2339
2046
2339
2046
2047
2047
2339
2046
2047
2046
2339
2339
2047
2338
2047
2339
2046
2339
2046
2339
2047
2046
2339
2338
2047
