225695
222187
221309
222186
223064
223941
223356
222186
224525
224817
225694
224233
224525
226280
225402
226572
228326
224818
241190
220724
260777
229203
224525
222479
225110
225402
225695
225695
221601
221602
231542
223356
221895
225695
221894
225110
221894
226572
224818
222187
223063
223940
223940
221894
222186
224818
230957
232419
234758
224525
221310
222479
222479
224525
222479
221894
224817
226279
228619
223064
221601
223356
224233
223649
222186
222187
238559
221309
222771
228619
224818
222187
225695
223941
231834
230372
222479
223648
221895
221602
222771
221310
222771
225987
226279
223356
225695
225402
226280
225988
226865
221895
223941
224526
228618
222771
224526
225402
226280
224818
230957
224818
227156
221894
223064
222186
221895
223941
224817
223648
221309
221309
228326
223356
223941
223940
221602
234465
242651
228326
221017
234173
222479
225695
223356
223941
224818
236804
228033
226571
225402
223648
223356
224233
224233
221602
224233
221601
227449
222479
222478
224233
223063
267209
221895
221894
221601
223941
224233
222479
229203
223648
225987
221894
233881
223941
227741
221894
225110
227741
225110
221894
226279
223649
221894
221894
1129643
227741
229203
225987
222186
222479
220725
225403
223941
223941
220432
223941
228910
228033
222479
236805
223941
226864
222186
225402
223648
221309
223356
221895
224526
226864
223941
224233
223941
223648
225987
222187
225110
223063
227156
229495
228033
222187
221602
223064
222771
230957
226572
224526
222771
223941
222186
227449
224233
226280
223064
225402
225403
230958
223941
224818
230372
223063
223064
223064
223063
226864
228618
235635
226572
223356
226865
221602
234465
223649
229787
223356
221602
225695
222187
224818
223064
222771
221894
222771
223648
223941
222187
224526
224525
225695
224233
225403
224233
222479
224233
223648
222187
225403
226864
231249
224525
221309
228618
228326
232419
223649
233881
221894
228911
221310
223941
223064
226864
222772
222771
224526
222479
228911
220724
222771
222187
223064
221602
254345
230080
232127
231542
224526
225403
224233
222479
221894
222479
222479
223649
224817
223649
227742
221601
224817
223356
225402
221894
222772
220724
222479
224233
223649
228911
221602
224817
221602
237973
223941
225987
227449
225110
225110
241189
223940
226864
235635
222771
226572
229788
228911
230372
230373
229495
222187
222187
223649
226572
222771
225110
224233
227741
221017
221894
227741
226279
222771
222479
221601
222186
224233
221309
225402
221602
223356
222186
227741
225987
221894
224526
221894
227156
231834
223064
223064
223940
225110
225110
229496
223649
265162
226279
226280
228326
227157
228326
221602
224525
223940
223941
221309
221309
230372
230957
229203
221017
230957
222186
224233
221894
223356
223356
222479
231835
222771
225695
222479
231834
224818
224818
227157
221017
223064
224818
225402
221310
223941
222187
225110
226865
222186
224525
223941
224525
221017
221309
221895
227449
225987
221894
225694
223648
230957
224233
232127
229203
226279
235343
221602
224817
222187
222187
223356
224817
225403
223356
224233
221894
221895
223941
220724
221894
223356
235343
223064
1304176
222479
222478
224818
222771
226279
224525
229495
223941
226864
221602
222479
227449
230957
230957
220140
223356
222187
224818
225402
223649
224818
223356
224525
223064
221017
230372
222771
234758
225987
224818
223649
235927
234757
223063
227741
223064
222187
222187
229203
232711
223649
225987
223355
222772
224233
221310
223356
223063
224233
229203
222479
221310
224526
227157
223649
225402
224233
223941
227156
224525
227741
222771
228618
222186
221894
221310
224525
226571
221017
230080
228618
223356
223648
224525
236219
225695
227156
229203
221894
223064
223940
226280
227741
232419
223940
231834
865066
225110
232419
221602
222187
221895
222771
224817
223356
224818
228618
222479
231542
231834
233003
228618
227741
228034
230664
233003
229495
232419
231250
233003
235927
225695
237388
224526
232126
236804
229203
237681
230080
226572
228034
308722
237682
224525
231542
224525
223648
226571
226572
228326
222772
223356
223356
225402
227156
222479
222771
221895
229495
234466
221602
223356
222187
223356
231249
221017
222771
223356
221602
222187
222186
223648
224525
223940
223356
222187
223064
224526
225403
223648
222186
221017
226279
228033
223063
230373
225695
226864
226280
225695
224233
222479
222479
226864
229203
225694
224818
222187
228033
224233
225987
222479
225110
228034
225694
225402
221895
226864
230665
247914
223648
233003
223941
233296
221310
220725
221602
221309
233296
223648
224818
231250
232712
233004
230080
234173
239143
228326
242359
271594
231249
232419
232711
235927
222771
225110
229495
221310
224525
231250
230957
224233
223649
234465
222186
228911
222479
221894
230957
223940
227741
224818
226280
230080
225402
223063
247914
225695
231834
225403
228326
225987
226280
293228
224525
225988
222479
225695
230080
228326
221895
224233
223064
226864
221017
228326
224525
222479
226571
229496
224233
228326
222772
268671
250252
221602
227449
226572
223063
221602
222186
233881
224817
230373
231834
224525
222187
221017
224526
226572
223649
221895
225695
225110
261654
225695
223356
227449
231542
230373
228034
222772
224525
243236
227742
224818
229496
231542
232127
225695
225988
227741
222187
222479
225110
226280
221602
222186
230664
223063
227449
226865
226864
228326
223648
231834
230080
227157
225694
222479
226864
222186
227157
232711
229495
230665
232419
233003
224525
224818
221894
229203
223356
221894
221602
225110
1397144
226280
223356
232419
227157
222186
230373
230665
225403
221894
230080
227741
231542
229203
230665
221310
223648
239435
224525
230664
221602
231542
227156
233003
227156
236512
221602
222772
228034
223648
226280
223649
230957
230664
229787
222771
230372
226864
226572
222186
223063
228034
232418
226279
235050
223648
223064
224233
221602
225695
222479
224233
230665
233880
223356
230957
222771
222772
221602
228034
232711
231834
223356
233881
222479
222479
236511
231542
231250
223356
221894
226572
222771
230372
230957
225402
223064
220432
223941
1231966
230664
227449
228618
224233
222479
223356
224818
222478
224818
232419
226864
230665
229787
223063
271302
228619
228326
222187
229495
228326
232127
262824
228326
225402
228326
227449
225110
224233
230080
221309
224818
228618
261947
225988
225402
222771
224818
221017
225110
228618
227448
221310
225987
221310
230373
228618
231249
230081
230957
223064
226864
241482
227156
223941
221602
225402
229495
221018
224817
226280
222771
224525
229787
225403
251129
244697
223063
230664
240897
251129
225695
230957
230957
236512
249083
222479
1061233
225695
223064
237096
230372
227449
229203
224526
221602
285334
224818
230957
232712
223063
221894
230957
223941
234757
233296
226572
223064
238266
230080
224817
229203
222771
232127
236512
223648
224818
228910
223941
223063
225110
224234
222479
225110
236804
221894
227741
222479
222771
227157
263116
224818
228034
222187
222479
226865
230373
231249
230373
222479
223941
230957
228033
221017
234758
230080
225402
235635
230664
222771
226864
232127
