37714
36544
36251
36544
35959
36252
35960
36251
36836
36251
36837
36251
36251
35959
36544
36252
36544
37129
36544
36252
35959
36251
36543
36836
36251
36544
36251
36252
38298
36544
36544
36543
35959
35959
35959
36836
36836
128050
37421
36252
35960
35960
36543
35959
36544
36251
36543
36252
35959
36544
36836
35959
35960
36252
35959
36836
36251
38006
36544
36544
36251
37421
36836
37128
38883
35960
35959
36252
36836
36252
36544
36544
36837
35960
36544
36544
36836
37713
36252
36836
36837
36544
36251
36251
36836
37128
38882
35959
36544
36544
37714
36544
36251
36252
36251
35959
36543
36252
36251
39175
35959
38006
36544
36544
35959
36544
35959
36251
35960
35959
36837
36544
36836
36544
36544
36544
37129
36544
36836
38005
39175
37421
37421
36544
36543
36837
36836
35959
38006
36836
41514
36251
35959
36544
36252
36252
36251
36543
36543
36544
35959
36544
36836
36836
36251
35959
36251
36544
35959
37129
35959
36836
36836
36836
35667
35959
35959
36544
36544
40052
36544
36251
36252
36251
36544
36543
36543
35960
35960
36836
36544
36544
35959
37128
36544
36544
36251
36252
36836
36544
36252
36251
36544
36544
36836
35959
36544
36544
37421
36836
36544
36543
36251
36544
36544
36251
36544
36252
36836
36251
36252
36251
36544
36252
36836
36544
36251
35959
36251
36836
36543
36252
36252
36836
38005
37129
35959
36252
35959
36544
36251
36251
36251
36544
37421
36251
36544
36251
36544
35959
36544
36837
38006
35959
36251
36544
36836
36544
35959
35959
36544
36544
35959
36252
36544
36252
38590
35959
36544
37421
37128
35959
35959
36543
36544
36251
36251
36836
36836
36544
35959
38591
36252
36544
36544
36251
36544
36836
37129
36251
36252
36251
36836
36252
36544
36252
36836
36836
36543
36544
36544
36836
36544
36836
36252
36836
36252
35959
36544
36544
38006
36544
36544
36836
36543
36252
36544
36837
36836
36544
36544
36251
36251
35959
35959
36251
36544
37129
36252
37421
36837
36544
36252
36252
36544
36544
38298
36252
36251
39760
36837
35959
36544
36544
36544
36544
35959
36252
36544
37128
36251
36252
36251
36836
36836
35959
36836
36544
37421
36251
36252
36544
36544
35667
36251
36544
36252
36252
36251
36543
37128
37714
36251
36251
36252
36544
35959
36251
36544
36544
36544
36252
36544
37713
36544
35959
36544
36543
36543
35959
36543
37129
37129
35959
35959
36544
36837
37129
36252
35959
36544
37129
35959
36251
36251
36544
37129
35667
36544
36543
36836
36544
38005
36544
36252
35959
36252
36544
36252
38883
35959
36252
37421
36544
35667
36252
36544
36252
35959
36252
36252
36543
37129
36836
36836
36544
36544
36252
36251
36544
36543
37713
36251
36251
36836
36543
36251
36544
36252
36836
35959
36544
36252
36836
38298
36251
36544
36544
37713
36251
36544
36836
36251
36251
35959
36251
36252
36544
36544
37714
40929
36251
36544
36252
37129
35959
36836
35959
36836
36251
36252
36544
35959
36544
36836
37128
36252
36837
36836
37128
36251
36544
36544
36544
36544
36544
36544
36544
36544
35959
36251
36544
36251
36251
36252
36836
37128
35959
36251
36543
36544
36836
35667
37713
40929
36544
36252
36252
36543
36544
36836
36252
36544
36543
36544
36543
36836
35959
36544
36836
36544
36544
36544
36837
36251
35959
36544
37420
36836
35959
36252
37128
36251
47068
38005
37128
36543
37420
36252
36252
36836
37421
41222
37129
37128
37421
37421
37713
37129
36544
36252
37129
37714
38298
36544
36544
35959
37713
36543
37421
37128
36252
605751
37421
37421
36252
36544
36836
37128
36544
38005
36837
35959
35959
36544
37421
46484
39760
38005
36836
36836
48530
37713
36837
36251
36251
35959
37128
37128
37129
50577
35959
36251
36544
36836
36836
35959
36251
36543
37128
37128
36837
36251
36836
38298
36252
36836
36251
36544
36836
37129
38298
37129
36252
36251
35960
36543
36544
37129
36251
36836
36544
37128
36836
37713
36544
36251
36544
36836
36544
38298
36836
36251
36251
37128
37713
39175
36251
36251
36544
36544
36544
36251
36544
36544
42683
36251
36252
36544
36544
36544
36543
35960
37714
36251
36544
36836
36836
36837
35959
36544
36252
36836
36252
36544
36544
36251
35667
36252
36251
36544
37129
36836
36543
36544
36251
36251
36836
36544
36544
38006
36252
37421
36544
37129
36543
36837
36544
36252
37128
36251
36544
36836
36836
36251
36544
36544
36836
36544
36251
36544
36543
35959
38590
36252
36836
36544
36252
36836
36544
36837
35959
36252
36543
36544
63732
35959
39468
36251
37421
35959
36544
37128
36836
36544
36251
36544
36544
36836
35960
36251
37128
36544
36251
36836
36544
36544
36251
35959
36544
36543
37129
36251
36543
36836
37421
36544
35959
36251
36837
36836
35960
36251
36836
37128
36543
36544
36544
36252
36252
36544
35959
36251
36544
35959
36251
36251
36544
36544
36252
36252
36544
35960
35959
36544
36836
37128
35959
36543
36836
36836
36252
36251
36543
36252
36251
36251
37129
36544
36252
35959
36252
36544
36836
35666
35959
36836
36544
38298
35959
37129
36544
36544
36252
36252
36543
37128
36544
36252
36836
36544
37128
36251
36544
36544
36544
36544
36544
36252
40345
39175
36251
36836
36836
36251
36252
35959
36544
37129
35959
36251
36252
36837
36836
35959
36836
36544
36544
36543
35959
36544
36837
35959
35959
41222
36836
37713
37421
35959
35959
36544
36252
36836
35959
36544
36836
36544
35959
41222
37129
36544
35959
36252
36252
37129
36544
35959
36836
36544
36836
36251
36252
38006
36544
38006
35960
36836
36544
37128
36252
36544
36252
36544
35667
36544
36544
38006
36544
36251
36252
36836
37129
35959
36544
36251
36251
35960
36251
36544
37128
38006
36251
36544
36836
36252
35959
36252
36251
36544
37714
36544
37129
36544
36836
36252
36252
36544
36544
35960
36251
36836
37128
39467
36252
36251
36544
36544
36544
37128
36252
36836
36544
36544
36544
36252
36836
36252
36251
36252
36543
35959
36251
36836
36544
37421
35959
36544
36836
36543
36251
36252
36252
36836
35959
36252
36543
36836
36252
35667
36251
36544
36544
36252
36836
36543
36252
35959
35959
36836
37129
36837
35959
35959
36544
36836
35960
36544
36544
36252
45315
35959
36543
36836
36836
36836
36544
36544
36252
36251
36544
36837
36251
36836
35959
36836
36544
36836
36252
36251
38006
36836
35959
36544
36544
36543
36836
35959
36544
36544
36836
