46192
36252
32743
30990
28943
27773
27481
27481
27774
26897
26312
26019
26019
25727
26311
26312
26604
37128
25727
25434
25434
24850
25142
24558
24558
24850
26312
25434
24850
24557
24265
24558
24265
24558
24557
24558
23680
23973
23973
23973
23681
23388
23388
24557
24557
24557
24850
24558
24558
24558
24558
24850
24558
24557
23973
25142
24850
24265
23972
24265
24265
24265
23973
24265
24558
23973
23680
24266
23973
24558
24265
23388
24265
50576
25142
24557
23973
23973
23388
24265
24265
23973
24850
23388
23680
23680
23973
23680
23973
23681
23096
23680
23973
23681
23388
23388
23973
23681
23972
23972
24557
24557
23388
24265
24557
24850
25142
24265
24265
24265
24265
23973
24265
23973
23681
24265
24265
23973
24265
23680
23973
24265
24265
24265
23973
23680
23388
23681
23680
23972
23972
23972
23681
23680
23388
23389
23680
23388
23096
23973
23972
23973
23681
23973
23973
23972
24265
23972
23680
23680
23389
23680
24265
23680
23388
23680
23973
23681
23973
24265
23973
23972
23096
23680
23973
23680
23388
23681
23680
23973
24265
23680
23972
23681
23388
23973
24558
23681
23973
23681
23973
24265
23972
24265
24558
24266
23388
24558
24265
23973
24265
23680
24266
23973
23973
25142
23972
23973
23680
24265
24265
23388
24266
23388
24557
24265
24558
24850
24265
24265
23973
24557
24266
23681
24265
23681
24265
23680
23972
23388
23681
23388
23681
24265
24265
23680
24265
23973
24557
24265
24266
24266
23973
23680
23681
23973
24265
23973
23680
23388
23972
23680
24557
23681
23973
23096
23095
23388
23680
23681
23681
23681
23972
24266
24558
23973
23972
23680
23388
24265
23973
24265
23680
23680
23973
23972
23973
23973
23973
23680
23388
23680
23973
23681
23680
23388
23680
23973
23973
23680
23973
23388
23096
23680
23972
23680
23973
23096
23973
24557
24558
24265
23973
23680
23680
23681
24265
24558
24850
23972
24265
24265
24265
23972
23972
23388
23681
23388
24558
23973
23680
23680
23680
23972
23972
23972
23681
23388
23096
23681
23680
23680
23680
23388
24265
23972
23680
23972
23973
23680
23388
23973
24265
24265
23973
23680
23973
23973
23973
23972
23680
23388
23680
23681
23680
23681
23973
23095
23681
24558
23389
23680
23681
23095
22803
23973
23680
23680
23388
22803
23388
23680
23096
23096
23388
23095
23095
23388
23388
23095
23096
23096
23680
23972
23973
23389
22803
23096
22804
22804
23095
23388
23680
22511
23388
23972
23388
23681
23388
23388
23388
23388
23388
24557
23973
23388
23096
23973
23972
23972
23973
23680
23095
23973
23680
23388
23973
23388
23389
23680
23681
23680
23681
23096
23388
23388
23096
23095
23388
22511
22803
23680
23388
23388
23388
23096
22803
22803
23096
23096
23096
23388
23680
23095
23388
23388
23388
23096
22803
22803
23388
23388
23388
34790
38298
37713
33620
32159
30113
33035
28943
27773
27481
26896
26019
26019
25727
26019
25727
25726
25435
25727
25726
26020
25727
25143
24850
24557
25434
25142
24557
24850
24557
24265
24558
24557
24850
24557
24265
24265
24557
24557
24850
24557
23973
24557
24850
39467
35082
31574
30697
30405
28359
28066
27481
26312
25726
25727
26019
25727
25727
25142
25435
25435
26311
25435
25142
24850
24265
24558
24557
24850
24850
24557
24558
24849
24557
24850
24558
23973
24557
24265
24265
24850
24265
23680
24558
24557
24558
24265
24265
24265
23973
24265
24266
23973
24265
23680
24265
24558
24265
24557
24557
24265
23680
24266
24265
24265
24558
23681
24558
24557
24265
24266
24558
23973
23680
23972
23972
23973
23973
23388
23973
23973
23973
23972
23973
23680
23681
23973
24558
24265
23973
23680
24557
24849
24265
24557
24265
23681
24265
23973
23972
23972
23973
23680
23680
23973
23973
23680
23973
23096
22803
23388
23389
23973
23680
23388
23681
23973
23973
23973
23680
23973
23388
23680
23095
23681
23388
22803
23388
23681
23680
23973
23681
23096
23681
23972
23973
23973
23973
23680
23972
23681
23681
23972
23389
23680
23681
23388
23973
23973
24265
23096
23972
24265
24850
29820
28358
27188
26604
25727
26312
25727
25142
29819
24557
24558
23972
24558
24558
24557
24265
23681
23973
24557
23972
24558
24265
23973
23972
23973
23973
23973
24557
23388
23973
24265
24557
23973
24265
23973
24265
23973
24265
23973
23973
23388
24265
24265
24265
24265
23973
23973
23388
23972
23973
23681
23680
23973
24265
24265
26311
23680
23973
23388
23388
23681
23972
24558
24265
23973
24265
24265
24265
24265
23681
23388
23096
23388
23388
26312
23680
23096
23680
23680
23388
23680
23973
23096
23388
23973
23973
24265
23388
23388
23388
23681
23388
23681
23973
23388
23096
23680
23681
23680
23680
23096
23388
24265
23681
23972
23973
23388
23681
23680
23680
23681
23681
23388
23681
23973
23680
23681
23096
23096
22803
23096
23388
23096
23972
23388
23388
23973
23972
24558
24265
23680
23388
23972
23681
23681
23388
23096
23388
23973
23973
25727
23681
23388
23388
23972
23973
23388
23973
23388
24265
39468
35959
33328
31281
30112
29235
27774
26896
28065
26896
26604
25727
26311
25727
26020
26312
25727
26312
26019
25435
25434
25435
25435
25143
25143
24557
25143
25434
25142
25142
24557
24850
24557
24558
24557
24557
25727
24557
24850
24849
25142
24558
24557
24265
24557
24265
24265
24265
24265
23973
24265
23972
23973
24265
24265
23681
23973
23973
24265
23973
23973
23681
24265
24850
24265
24557
24265
23973
23973
23973
24266
24558
24265
24265
25142
25142
24850
24265
24265
23973
23389
23973
24265
24558
24265
23681
40052
36544
33328
30989
30697
29820
28943
28650
28358
26896
27481
26604
26604
26312
26311
26019
26312
26020
25727
26019
25727
25434
25434
25435
26311
26312
25727
24849
26019
25726
25435
25727
25435
24850
24850
25142
25142
25142
24850
24558
25142
25435
25142
25435
25142
24557
24850
24557
24557
24265
24558
24265
26019
24849
24558
25142
24557
24265
24265
24265
25142
24849
24850
23973
24850
24557
24557
24850
24265
23972
24265
24265
24265
24558
25143
24558
42391
26019
25142
25143
24850
24558
24557
23973
24557
24265
47945
24265
24558
24557
24557
24557
24558
23973
23973
24266
23973
23973
23973
23388
23973
24265
24265
24850
23972
23389
23388
72503
24265
24265
24558
23680
24265
23973
23973
23973
24265
23388
23096
23680
23388
23680
23973
23388
24265
23973
25726
