229787
230664
228911
227449
228326
229495
226864
227741
228326
227157
226865
227157
227741
228618
228033
228618
296151
228618
255807
227449
227449
228618
274225
228326
228034
227449
226864
228034
227448
228034
228033
227449
228033
228910
228326
227157
228326
227741
228618
230665
227741
228619
296444
227741
230665
227449
228618
228910
282118
226572
228033
227741
227741
227741
227741
227741
228326
228034
228326
227741
226572
235342
227157
228033
228326
227156
227156
228033
228034
226864
227449
228911
228618
231835
229788
353452
230665
228618
228911
227741
588210
230373
248498
228033
227742
229495
227741
228034
228619
229203
234465
233004
229203
230080
228619
229788
227449
228033
228326
228325
228326
228326
229495
227449
228034
228619
228911
227157
231542
228033
229203
228618
227741
227449
227742
228033
228911
230080
229495
227449
226280
226865
228618
304922
227741
240605
227449
228326
227741
228034
226864
228618
228034
228618
228034
227449
227449
228033
227742
228619
227449
228034
229202
226864
227448
227157
227741
226864
229203
227449
235343
230958
227741
228033
228911
227157
228326
228618
227449
227741
227741
227156
228911
228911
227741
227449
228326
228034
227448
233004
229495
227449
227449
226280
228619
228911
229203
227157
227449
238266
228326
227156
228034
227156
228034
227448
228326
228033
228326
227741
228326
227449
227157
228326
227157
227741
228326
229788
227156
226864
226572
228034
238265
228618
226864
226864
226864
227741
227742
228326
228325
228034
227741
228034
227741
227157
228034
229788
263408
228910
259900
235050
229495
228911
261069
230372
228034
230080
230373
228033
228326
228326
227741
227741
227742
228618
226572
227741
228034
228326
227741
227449
227742
228033
227742
230080
227741
242066
231541
229203
229202
227741
227449
227741
228326
228034
228034
227741
227157
227742
227449
228618
227156
228326
227449
227449
227157
284750
228911
228034
228034
255223
229203
229203
227448
227449
228618
227156
227742
227448
228911
228618
228326
227156
228911
227449
231250
227449
228033
227741
227449
229203
240313
229203
236219
228034
227448
243821
228619
227449
228034
228618
227741
230957
230665
228326
226572
227741
228911
226864
228034
228326
227741
233881
231249
228618
228618
227741
228910
227449
228034
227156
255223
227448
227156
227741
227742
227741
227449
227449
228618
227156
228326
227449
228618
227156
227449
227741
227156
305506
227741
227449
228618
280072
227449
229496
227449
228326
228033
227741
227741
228618
227157
228033
228618
227741
227741
228033
276563
228326
228326
228034
227449
228618
227157
267794
227741
275686
227157
231542
228034
228910
227741
228618
227449
227449
227449
227449
227449
228618
229495
227741
227741
228911
227449
227156
227157
228326
229203
227449
227449
227741
227449
227156
228034
226864
228326
228326
228033
227449
228326
227741
227449
228325
228911
228326
227741
228326
237974
228326
227156
226865
227741
228618
227449
227742
228618
227449
227449
227741
227449
227741
227449
228618
228326
227741
228034
227741
229495
226865
228910
228033
227448
253468
228618
227742
227741
228326
227156
227741
227449
228910
228326
228034
228619
226864
227449
228326
227741
227156
230080
281826
228619
228326
227449
267501
229203
227157
228618
227741
228033
227741
228034
227741
227741
283288
227741
228033
226864
227448
228033
227449
227742
229203
228034
227742
227157
228034
228033
229203
227448
228326
227157
228326
226865
226864
227448
242359
227157
228618
228034
227157
227449
276272
228910
226572
227157
227449
227449
227449
227449
293227
228911
227742
228034
228618
227449
269840
227741
227741
228619
228033
228326
228033
226572
227157
228033
312816
228034
228618
226864
227741
228034
227157
236220
228911
226865
227742
226571
227449
229203
227741
227449
234758
227449
227448
228326
228326
235635
228326
227449
227156
228910
227741
228325
228618
227449
226864
227157
227157
228326
227157
227742
227741
227449
228033
228326
227741
228618
281533
227741
226864
227449
227157
296444
227157
227741
226865
227741
227741
227742
275394
227449
227156
228326
227449
292643
225987
227449
226572
228033
226279
228033
228326
228033
232127
229495
228325
227741
228326
226864
227741
227157
227449
227741
227157
228326
227741
227741
228326
228325
228326
282118
228033
229203
232711
227449
227157
229495
228326
228034
227449
227741
227741
226864
227156
242067
228034
227156
230080
226571
227157
228033
227156
227449
228910
227157
229203
228034
228034
229495
228326
228326
231249
228326
227741
230372
227741
227449
227449
228618
231542
227742
227449
229203
227157
227449
232711
227156
226864
228910
228033
228326
228326
228034
228910
227449
228034
232418
227741
228033
229495
227156
228034
227157
228326
227449
228033
228326
230372
228034
227741
231249
230664
229787
228619
230080
227156
228618
233296
227742
226864
228326
228911
228326
227449
225987
231249
227449
226864
230080
227741
228618
229203
227156
227449
228326
228326
230080
227449
228326
229788
226572
226865
230372
228033
227157
228326
228033
228326
227449
227741
228326
227449
227449
228618
227157
228911
228326
226865
227157
228911
228034
227741
227448
227742
247914
228033
228326
228326
228033
228034
230080
227741
226865
228910
226865
227741
228034
228326
227449
255514
228326
228326
226864
227741
227742
226864
228911
230372
227157
226280
228618
228326
228326
242651
227156
237389
264578
228619
228618
227741
227742
228034
227741
228033
232419
228326
227449
228326
227741
227449
231834
228911
228910
228618
228034
228033
226864
228326
230665
227742
226572
238266
227742
580608
271302
228034
252591
228618
242943
230373
228326
228618
257268
252006
228034
228910
227741
240020
241774
227741
227157
228326
227449
227157
227449
227742
227449
227741
227449
233296
227449
228033
231250
228618
295859
229496
227742
243529
243820
228034
228034
239143
227156
226572
228033
227449
227449
227742
227741
227157
227449
228034
290596
252883
228618
227741
226864
229495
227741
228034
228911
228619
228033
227741
238850
227741
228033
230664
226864
227156
226572
228910
226572
229203
229203
230080
227449
227448
272178
228619
227741
230957
228034
228326
228326
227742
228034
227156
228034
228326
227741
228034
227449
228033
228910
228034
228034
227157
226572
228326
228033
226865
227156
226865
228326
227449
228618
228326
227741
229203
227449
227742
229495
227741
227156
228325
228326
228034
228033
227156
228618
227741
227449
228034
228326
227741
227449
227157
228326
228911
227449
228618
227449
229495
235050
227156
228034
226864
227448
228033
228911
228326
228326
227741
227449
228619
227449
228034
228618
228618
228618
227156
246159
229203
229495
228326
227449
237681
227449
227157
227156
228325
228033
228034
227741
227742
227449
228033
228325
228033
228326
228618
228618
228326
226864
227741
227741
228326
227449
228911
227741
226864
227741
227741
227741
228034
228033
227448
227449
227156
227741
227156
228034
228910
228619
227741
227449
228326
228034
227157
227741
227741
228618
228034
242651
227449
227448
227448
228326
227742
228618
228033
225695
227741
226864
228618
227741
228034
