3826871
3818101
3806115
3806699
3806407
3811669
3806991
3807283
3837103
3807283
3807576
3806991
3868677
3901712
3863707
3817223
3806406
4299310
3806992
3817223
3806406
3839442
3823655
3836811
3824532
3807576
3865169
3808160
3809623
3817808
3806406
3808161
3825702
3817808
3808161
3873647
4325329
3853183
3806991
3806698
3837689
3806407
3806114
3819562
3881541
3807576
3826286
3902005
3890019
3810792
3809623
3813423
3928609
3806991
3829502
3829210
3840027
3808161
3818685
3878910
4211020
3812546
4157227
3818978
3899666
3819270
3819854
3865169
3881541
3809037
3897327
3807576
3813131
3813715
3807576
3817808
3806114
3806407
3837396
3819270
3870431
3924809
3818100
3817223
3818978
3826579
3973923
3936210
3823362
3818685
3813130
3909898
5375745
3866338
3812546
3848505
3818977
3901128
3877156
3854060
3810792
3893819
4099342
3825701
5162037
4227976
5170515
4357488
3858737
3972754
3874525
3811376
3985325
4125946
3813423
3977139
4007251
3893527
3809038
3824825
3807576
3875986
3807869
3838273
3927732
3936795
3828333
3813423
3807576
3913114
3848797
3808745
3807576
3818978
3809330
3805822
3893235
4255165
3852014
3810207
3818977
3807869
3809915
3861368
3957259
3806699
3806699
3838273
3889142
3807869
3806991
3815762
3808161
3806699
3806407
3806991
3806406
3806407
3810499
3806114
3806407
3806406
3874524
3849090
3911068
3815470
3806406
3806407
3892065
3849967
3808453
3828625
3815469
3807576
3806991
3806406
3810207
3806407
3806699
3810207
3806407
3806114
3806407
3812254
3806699
3806699
3806991
3806407
3806407
3806407
3812254
3806114
3806114
3806406
3811377
3828332
3885926
3821902
3812254
3809623
3807868
3814300
3811668
3815762
3814592
3807283
3809038
3811084
3812253
3810207
3808161
3812838
3809330
3810207
3809330
3812838
3811377
3810499
3816347
3840904
3810207
3810791
3951120
4008713
3809038
3806699
3820439
3867215
3843242
3822486
3806406
3807576
3806406
3811669
3806406
3806699
3810207
3806406
3806406
3806699
3822779
3811669
3832426
3813423
3808160
3820147
3809622
3813423
3813131
3812838
3815177
3811669
3808453
3810792
3816931
3808746
3883880
3830672
3819270
3825702
3806114
3813130
3806991
3832426
3806114
3812253
3832718
3807575
3809038
3811961
3941765
3968954
3817809
3806698
3806407
3825409
3806991
3806699
3806699
3810792
3806407
3806407
3806114
3806699
3806407
3822194
3816347
3806406
3806407
3807576
3828040
3806699
3806699
3812839
3806407
3806407
3814300
3813716
3806406
3806698
3810792
3809038
3806699
3806407
3810791
3806406
3806114
3810792
3806699
3806698
3806406
3809330
3806115
3827163
3806699
3811961
3806115
3806114
3809915
3806407
3806114
3806115
3809914
3806115
3806406
3812545
3806114
3806407
3806407
3809622
3806991
3806114
3812253
3806407
3806115
3806407
3810499
3844412
3946150
3813423
3806406
3806699
3806991
3810792
3806699
3811961
3806407
3810207
3806406
3806115
3810500
3806407
3806407
3806406
3809623
3806406
3806406
3810207
3806699
3806114
3809915
3843242
3814008
3811669
3809622
3847044
3934456
3978894
4066891
3807868
3864584
3839443
3810208
3806114
3945858
5652601
3806406
3909314
3813715
3811376
3809038
3814008
3849382
3813423
3842658
3817223
3806406
3806407
3806699
3810499
3806699
3805822
3810207
3806114
3825994
3868677
3818685
3829794
3818978
3813423
3806114
3815177
3806698
3813130
3806115
3806406
3810499
3807576
3826871
3830964
3839443
3992926
3807576
3814592
3817223
4027424
3808161
3818978
3806698
3810499
3807283
3935625
3809622
3811084
3819562
3814300
3808745
3809622
3814300
3811085
3811084
3836519
5065561
3831548
3812546
3831841
3839734
3809038
3948196
3836519
3894404
3812839
3923054
4211020
4389354
4157812
3807284
3809037
3889434
3806991
3807283
3807576
3953167
3808161
3844412
5064099
3806699
3807283
3807868
3912822
3806406
3806406
3816054
3883587
3806699
3806406
3815762
4094664
3806699
3817516
3806406
3994680
3806699
3820440
3806407
3992634
3821024
3832426
3827456
3904344
3819563
3806406
3806406
3990003
3806991
3807576
3875986
3976847
3806991
3806407
3856691
3826287
4062505
3808160
3856399
3808745
3809038
3817808
3843243
3811376
3809038
3844413
3944396
3807868
3806115
3806699
3806699
3806406
3813131
3809038
3806699
3806114
3809915
3806115
3806407
3810207
3806406
3806407
3815469
3919839
3814885
3846751
3883587
5022585
3825409
3808161
3851429
4337900
3809622
3818393
3809915
3819270
3813715
3809330
3813131
3812839
3824240
3808161
3810207
3809037
3814007
3811377
3814008
3819562
3809038
3812838
3811962
3817516
3840319
3812838
3814885
3807283
3809622
3809622
3819854
3822194
3843827
3831841
3813716
3807283
3806991
3813423
3806406
3806991
3807869
3806114
3806406
3806407
3809915
3806406
3806114
3852306
3882125
3806991
3806114
3829795
3814300
3809330
3806991
3815762
3806991
3806699
3811084
3806991
3811084
3808745
3813131
3806406
3806407
3805822
3806699
3811084
3807283
3814300
3809622
3827163
3810499
3816639
3805822
3806406
3811961
3806699
3806406
3806115
3812838
3806407
3806114
3811961
3806991
3806406
3806407
3809915
3807868
3806407
3812254
3806407
3806114
3806115
3811084
3827164
3806406
3805822
3806407
3806406
3806699
3809914
3805822
3806407
3806114
3809622
3806407
3806406
3809914
3806114
3806407
3806407
3809623
3806407
3806114
3810207
3806407
3806114
3817809
3842658
3888558
3806699
3856106
3807283
3932117
3806406
3818686
3806699
3842658
3872770
3807868
3806406
3808160
3813423
3806114
3806407
3814592
3818685
3807868
3806406
3814300
3807284
3806407
3827748
3811084
3806699
3809037
3810207
3806699
3806114
3806407
3809915
3806406
3806699
3806114
3806991
3813131
3882418
3818393
3806698
3806992
3806114
3812839
3805822
3806406
3811669
3828917
3806699
3807284
3813131
3806407
3806407
3810207
3806114
3806114
3806407
3811084
3806406
3811962
3810207
3806699
3814885
3808160
3819562
3808745
3810500
3811669
3807576
3811084
3811669
3836518
3808453
3806114
3806407
3810207
3812254
3808453
3814007
3806991
3806407
3806406
3810207
3806114
3806699
3809915
3806407
3806699
3805822
3814008
3843828
3815762
3839443
3963398
3808745
3828918
4444900
3943519
3865461
3868385
3924516
3889727
3818393
3819270
3820147
3862246
3923054
3831548
3823655
3823070
3823363
3827748
3826579
3831841
3827456
3825409
3901128
3833887
3852013
4144364
3832425
3823362
3821609
3820147
3818977
3900543
3881248
4017483
4164537
7233342
3906390
8874891
3909899
3936210
3828917
3817223
3830964
4068937
3822486
3849382
3825409
4146702
3822778
3891480
3816054
3868970
3820731
3807576
3806114
4082093
3816932
3806114
3814593
3876863
3807868
3806406
3806114
3889434
3810792
3828625
3808746
3994680
3812253
3839442
3903174
4038241
3818101
3823655
3843535
3861076
3807283
3818978
3933579
3976847
3807284
3836227
3841196
3823655
3921885
3840319
3899958
3806699
3806699
3806699
3823655
3813715
3828625
3808161
3854059
3825117
3807576
3806699
3815762
3806115
3806406
3817516
3831841
3816639
3872185
3837395
4252241
3821608
3828040
3830379
3826287
3819855
3825409
3826579
3814885
3828041
3837981
3818977
3834765
3819563
3818685
3887972
3859030
3824532
3823948
3878325
3857276
3820147
3823070
3815762
3823948
3836226
3823363
3828625
3834765
4123607
3819855
3859614
4023623
3845874
3820440
3862830
3816932
3823363
3841196
3821024
3848505
3828918
3815762
3818393
3825994
3831256
3829502
3840027
28125018
3890311
3874816
3865461
3911652
3830964
3888265
4394616
3911945
3828332
5610503
3813716
3844412
3890019
3806699
3896450
3926563
3806699
3806991
3813715
3806407
3806114
3810500
3806407
3806407
3807868
3833596
3806699
3806406
3811084
3870432
3859322
3904344
3839150
3815762
3820147
3821609
3880079
3898789
3839442
3809038
3809038
3816054
3806114
3806407
3810207
3806699
3807283
3825409
3814300
3806406
3806407
3807284
3832425
3807283
3806407
3814884
3806406
3806114
3807868
3806406
3806991
3806407
3810499
3806699
3806699
3806407
3809622
3806114
3806407
3813423
3806699
3826287
3806407
3899959
3825702
3811084
3922470
3807576
3807284
3807868
3829794
3806114
3807868
3811376
3806699
3805822
3806407
3810207
3806407
3806407
3829502
3807283
3862538
3865169
3837396
3806698
3806406
3806407
3812253
3806115
3808161
3816054
3806407
3806406
3805822
3807576
3806407
3806406
