458698
454898
455190
457821
456067
456067
455190
454021
455482
455190
454898
454021
456652
455190
455774
454313
453436
453143
453728
456067
453436
454313
453728
454313
454606
454313
454313
464546
452559
455483
454898
455482
454313
453728
453436
454605
453436
455190
453436
454606
453436
453729
454897
455190
454606
453144
454313
453729
456067
453729
454313
453436
453728
454313
454313
454021
459575
453144
454897
455190
453143
453436
456067
456360
455775
454020
454898
454313
454021
454606
454313
453728
453436
454313
454314
454020
453143
453436
453728
454898
454313
454605
454898
454606
453144
453436
454021
453144
453144
453144
454021
454021
454021
454605
454605
453436
453729
454605
455775
453728
454313
454021
453143
454313
454021
454898
453729
454313
453436
454020
456067
455190
452559
459867
454021
454605
455483
456067
453729
453728
454313
454314
453729
454313
453436
456359
454605
452852
453728
455190
455190
454605
454313
454313
453436
454313
454605
453729
454020
455482
452851
454313
458699
453729
456944
455775
454605
453436
454313
455775
454313
454605
454313
453728
455190
453436
453143
455482
455482
456359
454021
454021
453436
455774
455775
453728
454313
454606
455191
454606
454313
456944
454020
454898
454313
455482
452559
454021
455775
453728
454898
454605
456359
465715
458991
461037
454605
453436
454898
453728
453728
454313
454898
454313
456067
455775
455483
455482
453728
453144
454021
454021
454898
455190
453144
453728
454313
455482
454021
455190
452559
454898
453728
453729
453728
455775
455482
454313
453436
455483
452851
454898
454313
453728
455190
455482
455190
454898
461329
453144
458406
454021
475947
453144
454606
453436
454313
454897
454605
453144
454605
454605
455482
455190
453143
453143
452851
454020
490272
455190
453436
461914
457236
456067
458406
454605
453436
456359
610136
471562
468930
493488
456360
455190
456945
454021
454605
454020
454606
454897
454020
454020
454020
455775
454606
454605
453728
454313
454606
455775
454313
453729
453729
455774
455482
467176
452851
453728
453144
453728
455190
480917
454606
454021
455482
453728
455191
454021
455190
453143
455190
453729
454020
453436
453729
456068
455774
453436
454605
453144
454605
454606
453728
454021
453436
454313
453436
456067
453143
454606
453436
474486
453729
455190
452851
454606
456360
455190
453143
453728
454021
454020
455190
454020
454020
454313
454605
454898
456067
452852
453435
452851
461037
454313
453144
453144
454021
456360
455190
452851
454020
454313
454313
456067
454605
453436
453728
454897
455775
456067
452851
453728
453728
454020
454606
453729
452851
454897
456067
454898
452851
457528
454021
454313
457528
459283
457822
455482
454897
456067
456068
453144
452559
453436
454313
454898
453728
452851
454313
454605
454898
496703
454898
453144
453144
455190
454605
453143
453144
455190
469808
454021
453728
453436
453144
453436
454605
453436
453436
454606
455775
454313
454020
453436
453436
454313
453728
454605
454313
453728
454898
459283
454898
473900
454020
453436
454021
455775
462499
453729
454313
454313
454606
454606
454021
453144
454897
455191
454313
453143
454314
453729
455483
455482
454605
453436
454897
454313
455483
454313
454605
453436
454897
455483
455190
455775
453436
458406
454897
454021
453144
454313
453728
456944
455190
454313
454021
454606
454313
455775
454020
452559
455190
455190
455775
456067
453436
453436
454605
454021
453729
453436
454313
454898
456359
454606
458698
453144
454313
453728
456652
453144
453436
453144
454605
455775
455190
454313
453144
454605
453144
454313
454313
453728
453729
456652
453436
455482
452559
454021
453729
455774
453729
454313
453144
460160
456359
456067
454313
454021
454313
452559
454313
453729
453436
454313
455191
455191
454898
454313
453144
453436
454606
453143
453144
453144
454605
455190
454898
452851
454313
454021
453436
461329
453729
453728
453728
455775
454313
456067
454021
454313
453436
454897
454021
454020
454313
454897
456067
454898
454313
453143
453143
453728
455775
453728
453436
453436
456360
455190
456359
454314
457822
453728
454021
453436
454021
453729
454313
455191
454898
454021
454313
453144
454021
455775
453728
452851
454313
455190
454897
454313
453436
453728
454313
454313
454313
454313
453436
454021
456359
458113
453436
455190
452852
454313
454021
454605
453728
453729
454313
456652
457237
453436
473608
454021
454606
454898
454021
454020
454314
455190
454898
454021
453144
454021
454313
454898
454898
452852
458113
455190
456067
455775
453144
453728
453728
453728
455190
454605
452851
454606
455482
454020
455190
453728
453144
453728
454021
453729
453436
453729
453436
456652
454605
453143
453728
453728
457529
454898
453728
452559
454021
454898
455483
455774
453729
452851
453728
454898
453728
453436
453436
454020
456360
454898
454313
453144
454606
453435
455190
453728
453728
453436
455774
455482
456067
461329
453728
454313
454313
454313
453436
453728
454313
456360
453436
454021
454313
454313
453728
455775
453728
452851
454605
454313
454898
455190
453729
453144
454606
453728
455190
453728
454605
454606
460745
454605
454021
453729
454606
454313
456359
454313
452851
454020
454605
455774
455775
453436
454313
453728
454021
454313
454605
453436
454313
454897
454606
454898
454313
454606
454021
455774
452852
457822
454020
455190
455483
455190
454313
453436
454313
454313
454897
453729
454020
454021
455775
454021
454605
453729
454898
452851
455190
453436
453728
454313
455482
455775
455482
452559
453435
456652
453143
453728
453436
454605
454021
455190
454898
455775
454021
454021
453144
454313
453144
453436
453144
455775
454313
455190
453728
454021
453729
455190
456067
452851
453436
454020
455190
455482
459868
452559
456067
453728
475362
452851
453436
453436
454898
455775
454898
454021
453144
453728
452851
455483
453728
453728
454313
453729
454898
456067
454313
453436
454021
454021
455190
454313
453143
458406
455190
454605
453728
454021
454313
454606
455483
454021
454020
454021
455482
455482
455775
452852
454313
452559
454605
454898
454313
453728
453729
455483
454313
454898
452851
454020
454021
454313
458990
453436
454606
454313
456651
454606
453728
454313
453436
453728
455775
452851
453144
454313
455483
454898
455190
454898
453144
454605
454020
454313
454021
453144
454605
456067
454313
454313
458698
454313
454314
455775
454313
455190
454313
454313
456067
454897
466299
454021
454021
454313
455190
453144
454313
452851
455190
455482
455482
452852
453144
454313
452851
453436
452852
453436
453436
460453
454021
454898
454313
454605
454021
455775
454020
454021
452559
455190
454021
455775
453144
454606
454021
453143
455775
453728
454605
453436
456067
453729
454898
453436
454313
453728
454897
453435
457821
453144
464253
466300
457821
463668
454606
565406
455190
458114
454313
469807
481209
483255
476824
556635
455775
453436
454313
454898
453728
453436
454606
454020
456652
454313
454898
454313
455482
453728
456067
452851
454313
454313
455775
454313
455482
454313
452852
454605
454606
454313
453436
453143
454605
464838
454898
549035
454021
458991
454313
483548
452851
453144
