71626
29235
26312
22511
22511
21634
22511
22219
21633
25727
3800
2046
1754
2046
2046
2046
1754
1754
1754
1754
2047
2046
2339
2047
2046
1754
1754
1754
1754
2046
2046
1754
1754
2339
1754
1754
1754
2046
2047
2046
2046
2047
1754
1754
2339
1754
1754
1754
2047
2047
1754
2047
2046
2046
2047
5554
4093
2339
2046
2046
2046
1754
2046
2047
2046
1754
2046
4093
2046
2047
1754
1754
1754
1754
2047
1754
1754
1754
2631
2047
2046
2046
1754
2046
1754
1755
1754
2047
2046
2339
2047
1754
1754
1754
2046
2046
2047
2046
1754
2047
1754
2339
1754
2046
2047
2046
2047
2046
1754
1754
1754
1755
2339
1754
2046
2046
1755
1754
2046
1754
2046
1754
2046
2631
2046
1754
2046
2046
2047
2047
2046
2046
2047
1754
2339
1755
1754
1754
1754
1754
1754
1754
1754
1754
1754
2047
2338
2047
1754
2047
2046
2047
2047
2046
2047
2047
3216
2631
1755
1754
1754
1754
1754
1754
2047
2046
2046
2047
2631
1754
1754
1754
1754
1754
1754
2047
2046
2046
2047
1755
2339
2046
2047
1754
1754
1754
1754
1754
1754
2047
1754
2339
1754
1754
2046
2047
2046
2046
2047
1754
2047
1754
2339
1754
1755
1754
1754
1754
1754
1754
1754
1754
2046
2339
2047
1754
2047
2046
2046
2047
2046
2047
2046
1754
2046
2339
1754
2047
2046
1754
1754
1754
1755
1754
1754
1754
2338
2046
2046
1754
1754
1754
1754
1754
2047
2047
1754
2339
1754
1754
2047
2046
2046
2046
2047
1754
1754
1754
3216
2631
1754
1754
1754
1754
2046
2047
2046
2046
2047
2046
2339
2046
1754
2046
1754
2047
2046
1754
1754
1754
1754
2339
2047
2046
1755
1754
1755
2046
1754
1754
2046
1754
2339
2046
1754
2046
2046
2046
2047
2046
1754
1754
1754
1754
2631
1754
1754
2046
1754
1754
2046
1755
1754
2047
1754
2339
1754
1754
2047
2046
1755
2047
2047
2046
2047
1754
2632
1754
2047
2046
2046
2047
1754
2047
2046
2046
2047
2631
1754
2046
2047
2631
1754
1754
1754
1754
1754
1754
2047
2339
1754
1754
1754
1754
1755
2046
1754
2047
1754
1754
2338
1754
2047
2046
1754
2046
2047
2046
2047
2046
2046
2631
2046
2046
1754
1754
2046
1754
1755
2046
2047
2046
2047
2339
2046
1754
1754
2047
2046
2046
2046
1754
1754
1754
2923
2046
1754
2046
2046
1755
2046
1754
1754
1754
2046
40052
2339
2047
2046
2047
2046
1754
1754
1754
1754
2046
14910
2046
1754
1754
1755
2046
2047
2047
1754
1754
1754
1754
26604
1755
1754
2047
2046
1755
1754
1754
1754
1754
1754
19880
2047
1754
1754
1754
2046
2047
2046
1754
1754
1754
2631
1754
2047
2046
2046
2047
2046
1754
1755
1754
1754
1754
28358
2046
2046
2046
1754
1754
1754
1754
1754
1754
1754
21634
2047
1754
2047
2047
1754
1754
1754
1754
1754
2047
15202
1754
2047
1754
1755
2046
1754
1754
2924
1754
1754
2047
30989
1754
1754
1754
2047
2046
2632
1754
1754
1754
2046
22804
2046
1754
2046
2046
1754
1754
1754
1755
2046
1755
16371
1754
2046
2046
1754
2046
2046
2046
2046
2046
1754
1754
30405
2046
2046
2046
2046
2046
2047
1754
1754
2047
2046
24265
2046
1754
1755
1754
1754
1754
1754
1754
1754
1754
17834
1754
2047
1754
1754
1754
1754
1754
1754
1754
1754
12279
2046
1754
2047
1754
2047
2046
2047
2047
2046
1754
1754
26019
1755
2046
1755
1754
1754
1754
2046
2046
1754
1754
22804
1754
1754
1754
1754
2046
2047
2047
2046
2047
2047
17833
1754
1755
1754
1754
1754
1754
1754
1754
1754
1754
1754
32450
2046
1754
2046
2046
2047
1754
1754
1754
1754
1754
21633
2046
1755
1754
2046
2047
1754
1754
2046
2046
1754
15495
1754
2047
1754
1754
1755
2046
2046
1754
1754
1754
1754
29235
2046
1754
2046
2047
2046
1754
1754
2046
1754
2047
23096
2047
1754
1754
2046
1754
1754
1754
1754
1754
2046
16372
1754
2047
1754
1755
1754
1754
1754
2046
2046
2047
1754
30697
2046
2046
2046
1754
1754
1754
1755
1754
1754
2047
23680
2047
2046
1755
1754
1754
1754
1754
1754
1754
1754
17833
2047
2046
2047
2047
1754
1754
1754
1754
1755
1754
11401
2047
2046
2047
1754
2047
2046
2046
2047
2047
2046
1755
25727
2046
1754
1754
2047
1754
1754
1754
1754
1754
2047
24850
1754
2047
2046
1754
1755
2046
2047
2047
2046
2046
14033
2047
1754
2046
2047
2046
1754
2046
2046
8770
2338
877
584
292
293
585
585
293
292
292
293
585
585
585
585
584
292
292
293
292
293
292
293
292
292
293
292
293
1462
293
292
292
293
292
293
292
293
292
292
292
292
585
585
292
292
292
292
293
292
585
292
292
292
585
584
585
292
293
292
292
292
292
585
293
292
292
292
585
585
293
292
292
292
292
293
585
292
292
292
292
293
292
585
292
293
584
585
292
293
292
293
292
584
585
292
293
292
293
292
585
584
585
292
293
292
292
584
293
292
293
292
292
584
293
292
293
292
292
292
292
293
292
293
292
292
584
293
292
293
292
292
584
585
585
293
292
584
292
292
293
292
293
292
585
292
585
584
293
292
293
292
292
293
292
293
585
292
292
293
292
293
292
585
292
293
292
293
585
585
584
585
292
293
292
293
292
585
584
292
585
584
293
585
585
292
292
585
292
292
292
292
293
292
293
292
293
292
292
292
292
292
293
292
293
292
293
292
292
292
584
585
584
293
292
293
292
585
585
293
292
293
292
292
585
293
292
293
292
585
585
585
585
293
292
292
585
292
293
292
293
292
585
584
293
292
293
