182135
169564
169271
168978
169856
169271
169272
169563
168979
168979
170148
169855
169564
172194
169271
168979
168979
169271
168979
168979
168979
170148
168979
168979
168979
169271
168978
168687
168979
168686
168686
168978
168979
168979
169271
168979
168979
168687
169271
168978
168979
168978
169564
168687
168686
168978
168686
168978
168979
168979
168686
169564
168687
168687
168979
169272
168686
168686
168686
169272
168978
168978
168686
168686
169271
168687
168978
168978
169563
168979
168979
168687
169271
168979
168686
168979
178919
168978
168687
168979
168686
168979
168978
168686
168979
169563
168979
168686
168686
169271
168686
168686
168686
169563
168686
168979
168979
168687
168686
168687
168687
168687
169271
168687
168978
168686
169271
168979
168686
168979
169271
168979
168979
168686
168978
168979
168978
168979
168979
168686
168979
168686
168978
169271
168978
168687
168687
169271
168979
168979
168687
168978
168686
168979
168979
168686
168979
168979
168686
168978
174826
168979
168687
168687
169564
168978
168686
168686
169271
168687
168979
168979
168979
168686
168979
168978
168979
169271
168979
168979
168978
169271
168979
168979
168978
169271
169271
168979
168979
168686
168686
168686
168687
168979
169271
168979
168687
168686
169271
168979
168686
168686
169271
168979
168686
168978
168978
168979
168687
168978
168978
169271
168978
168687
168979
169271
168979
168979
168686
169564
168686
168686
168687
168978
168979
168686
168979
168979
169564
168979
168978
168687
169271
168979
168687
168979
169271
168979
168979
168687
168978
168686
168686
168686
168979
169272
168687
168979
168978
169271
168978
168686
168979
169564
168687
168686
168979
168979
168686
168686
168979
168686
169271
168686
168686
168686
169271
168979
168978
168979
170148
168686
168687
168687
168978
168686
168979
168686
168686
169271
168687
168686
168979
169271
168687
168687
168979
175411
168978
168979
168978
168686
168686
168979
168978
168979
168979
168979
168979
168979
169271
168686
168979
168978
169271
168979
168979
168686
169271
168686
168979
168978
168978
168687
168687
168978
168686
169271
168978
168979
168686
169271
168687
168979
168687
169271
168979
168979
168979
168978
170732
168687
168686
168978
169563
168687
168687
168686
169272
168686
168979
168979
169271
168686
168687
168979
168686
169271
170148
168979
168978
171318
168686
168979
169564
169564
169271
168979
169271
169855
168979
169271
168979
169271
168979
168978
169271
168979
182134
168979
168978
168979
169563
168979
169271
168979
169271
169272
169564
168979
169271
168979
169272
168687
168978
168979
168686
168979
168978
168979
168979
169271
168687
169271
168686
169271
168686
169271
168979
169271
168979
168686
168979
168979
168687
168686
168686
168979
169271
168687
169271
168978
177749
168979
169271
168686
169271
168686
169271
168686
168979
168686
168686
168979
168687
168979
168979
169856
173949
245575
244698
242359
171902
168979
170148
168979
169563
168978
168978
168979
168979
168686
168979
168979
168979
171902
168979
168979
168979
170441
168978
168686
168979
171025
168978
168686
168686
168979
168979
168979
168978
168978
170733
168978
168979
168686
170733
237388
172779
169271
170148
168978
168686
168686
181842
168978
168687
168979
169563
168979
168686
168686
168978
168686
168687
168979
168979
169271
168979
168687
168979
169563
168978
168686
168979
169271
168978
168978
168686
168978
168979
168979
168978
168686
169271
168686
168686
168978
169271
168979
168686
168979
169271
168979
168979
168687
168686
168686
168979
168979
168686
169563
168687
168979
168686
169564
168979
168687
168687
169271
168687
168979
168687
168979
168978
168686
168978
168979
177750
169272
168979
168686
169563
168979
168687
168978
169271
168979
168687
168979
168978
168979
168978
168978
168686
169271
168686
168979
168686
169271
168687
168979
168687
169271
168979
168687
168979
169271
168687
168686
168979
168978
168687
168686
168979
168978
169271
168978
168686
168979
169271
168979
168687
168687
168979
168979
168687
168979
168686
168979
168979
168979
168978
169271
168979
171610
169271
168979
168979
168979
168979
168979
168979
168978
169271
168979
168686
168978
169271
168687
168979
168979
169272
168979
168686
168978
168687
168687
168978
168687
168686
169271
168979
168686
168978
169563
168686
168978
168686
169563
168978
168687
168686
168686
168686
168686
168979
168979
168979
169271
168979
171025
171026
171025
171317
170148
169856
169271
168978
168979
169271
168979
168687
168686
168979
177457
169271
168687
168979
168978
169271
169271
169271
182135
168979
168979
168979
169563
168979
168687
169856
170441
169271
169856
169271
169564
168979
169271
169855
168978
212246
169564
169271
191198
169271
168978
195290
168979
168978
168978
168978
168686
168979
168979
168687
168979
171902
181842
195875
169271
169271
168979
168979
168979
170148
239435
204353
173364
168978
168979
266332
170733
169271
194121
169563
169855
168686
168687
168979
169271
168979
168687
168686
168686
168978
168686
168686
168687
169271
168686
168979
168978
169271
168979
168686
168978
169563
168687
168686
168978
168979
168687
168979
168687
168979
174826
169271
168979
168979
194706
168978
168979
169271
211370
223940
289135
219264
169271
168687
168979
205815
175995
182135
175996
170148
168978
168979
168687
171026
168687
168978
168979
168686
168978
168979
168686
168687
170732
169272
168978
168687
169563
168979
168979
168687
174241
168978
168686
168978
168687
170733
169271
168979
168687
168979
168686
169563
168979
170148
168979
169563
168979
197921
169564
170733
168686
169271
168686
169271
168979
168686
168686
168686
168686
168687
179211
262531
231542
170148
176580
170733
209908
171317
197629
213709
168978
169856
168978
170440
168686
170733
168979
171025
168979
172487
168687
168686
168979
168686
168978
168686
170148
168686
171610
168686
169856
168979
180673
168978
169856
168686
169856
168979
171610
168979
168687
168979
168686
168686
168979
168979
168979
168979
168687
170441
168686
168686
168979
170440
168979
168979
168687
171025
168979
168687
168979
168687
168686
168979
168686
168686
170733
168979
168978
168979
225695
182719
169564
198213
168979
168686
168687
168686
168978
168979
168978
168979
169271
168686
168686
168686
169272
168686
168686
168686
169271
168979
168979
168687
168978
168979
168979
168978
168687
169564
168978
168686
168687
169271
168979
168979
168687
169563
168687
168687
168686
168686
168686
168687
168978
168686
169271
168979
168687
168687
169271
168979
168686
168686
169856
168979
168979
168978
168979
168686
168687
168979
168686
169271
168979
168686
168979
169271
168979
169271
169271
169563
169563
194706
169271
195291
169563
168979
168979
169564
168979
168686
168687
168686
168686
168686
168686
168687
180965
168979
168978
168686
169564
168978
168687
168979
169563
168978
168687
168979
168686
168687
168979
168687
168978
169272
168686
168687
168978
169271
168686
168686
168686
169563
168979
168686
168687
168979
168979
168979
168979
168687
169563
168978
168686
168686
169271
168979
168686
168978
169271
168979
168979
168687
168686
