11316604
11083893
11074830
11135347
11083016
11083309
11071615
11107866
11134470
11088863
11118975
11077462
11229776
11140902
11104358
11175107
11185339
11116637
11107281
11078338
11074538
11085355
11078631
11081555
11080677
11106405
11073661
11085648
11079216
11078339
11084186
11080970
11078923
11095295
11085648
11080677
11076000
11085062
11081847
11100265
11088278
11088571
11102896
11082432
11072492
11073953
11087109
11080970
11081554
11076292
11086817
11099095
11082139
11083309
11078631
11087986
11078631
11079508
11082723
11179200
11119268
11194402
11144117
11139148
11170137
11124238
11139440
11086524
11108451
11083309
11076877
11082724
11076584
11082724
11074538
11083894
11089448
11118683
11070152
11080092
11103189
11640236
11086817
11102604
11108158
11094418
11322451
11079216
11078923
11085940
11085355
11073953
11078631
11080385
11112836
11093833
11076292
11086524
11101142
11104358
11087694
11081846
11090910
11104943
11080385
11085355
11079801
11080093
11079800
11167505
11171306
11081262
11108451
11075123
11081263
11082432
11078923
11080970
11086816
11078046
11081262
11092079
11080093
11080678
11078339
11076000
11081263
11086232
11263689
11309588
11142948
11173937
11136809
11144994
11213989
11180661
11134762
11135055
11218960
11161659
11130377
11244978
11277722
11175399
11139440
11126577
11092371
11273629
11140025
11217790
11082724
11076292
11074830
11085647
11102312
11155519
11242932
11170429
11152596
11130962
11437637
11123361
11081554
11120145
11285030
11101142
11110790
11134178
11075415
11083016
11077461
11473597
11121899
11314558
11241471
11087986
11085647
11102019
11085647
11082432
11080385
11105235
11086816
11455471
11169552
11106989
11169552
11141487
11129793
11216328
11100265
11080678
11081847
11210189
11157566
11087109
11107867
11082724
11068983
11103773
11185338
11132131
11167798
11133593
11126577
11161951
11164875
11261935
11136224
11212820
11186509
11112836
11721510
11244686
11158443
11226268
11144702
11136224
11161951
11181539
11082724
11079801
11083601
11347594
11099096
11278306
11159027
11133885
11287661
11084770
11076000
11110498
11082140
11102312
11084478
11081847
11079216
11075707
11087109
11068983
11092079
11080677
11096757
11087987
11089448
11081847
11076000
11081554
11073661
11101142
11195571
11131254
11089155
11095295
11112836
11087109
11086817
11080677
11078339
11106404
11230361
11178907
11159320
11214866
11237377
11134762
11075707
11069568
11110205
11084186
11196740
11196448
11103773
11086524
11082432
11083309
11073661
11133301
11082431
11079508
11078631
11072492
11083016
11080385
11082724
11079800
11309004
11086817
11069861
11108743
11086816
11116929
11078632
11080970
11094418
11078339
11082139
11162243
11373320
11090909
11090033
11065475
11080385
11157566
11080678
11078923
11085062
11081554
11076000
11084478
11070738
11087109
11104358
11077754
11085940
11073076
11087694
11080385
11077753
11080093
11077169
11202880
11105235
11099973
11108743
11109327
11099680
11196156
11270121
11112251
11077461
11076292
11084186
11135932
11131546
11071907
11087694
11083601
11102312
11142948
11108451
11086817
11076292
11086524
11249072
11082724
11109036
11112251
11107574
11398170
11101142
11109913
11085355
11083601
11172476
11166921
11181831
11126869
11366596
11093248
11166044
11078631
11104358
11196741
11161366
11224222
11563641
11226561
11092371
11324498
11153473
11078339
11083016
11263689
11168091
11128915
11168675
11113128
11304034
11099681
11342332
11109328
11150842
11354025
11088863
11114298
11085355
11080677
11079216
11077462
11149965
11074538
11078924
11083016
11337361
11202295
12131386
11561302
11590829
11188263
11273629
11081847
11099095
11086232
11081846
11078339
11079508
11104942
11118391
11082432
11077169
11075707
11078923
11079800
11075415
11100265
11109328
11081847
11080385
11086525
11080970
11082139
11090617
11097049
11106112
11103480
11079508
11087109
11097634
11099095
11084478
11116637
11094126
11180077
11075415
11076876
11081847
11083893
11240886
11096464
11083601
11077169
11102896
11078632
11079216
11075415
11183293
11178615
11086816
11148796
11092079
11093833
11083016
11080385
11080386
11082139
11273629
11088278
11074538
11171599
11102311
11089740
11181246
11095003
11075708
11082432
11076584
11129792
11195571
11101434
11097341
11080385
11381798
11241470
11092371
11104942
11083893
11099096
11249949
11361918
11328591
11134177
11166629
11190016
11159612
11445824
11300818
11087109
11080970
11081846
11077754
11106697
11079216
11082724
11117221
11408110
11096464
11081555
11115467
11071615
11088863
11071906
11155811
11098218
11085355
11081554
11082724
11493477
11177446
11162535
11079215
11081262
11092956
11111374
11199957
11243225
11085355
11117806
11085063
11079800
11157273
11651346
11104943
11089740
11086817
11080385
11094418
11078046
11176860
11098511
11087694
11078630
11178323
11378290
11459272
11463657
11090325
11348179
11150549
11090910
11131546
11074830
11068983
11078923
11273044
11092079
11117221
11121314
11084186
11079216
11079800
11130377
11087986
11084770
11104942
11245855
11258427
11147333
11097342
11084770
11081847
11087109
11102312
11087986
11166921
11151718
11086524
11076000
11148795
11171599
11129500
11085940
11080386
11351978
11085063
11097633
11082724
11204342
11147626
11135055
11083309
11288246
11534991
11194109
11188555
11166336
11091494
11083308
11154349
11194987
11151718
11081554
11115175
11122192
11115175
11088863
11086817
11073076
11076292
11103188
11079216
11085062
11081847
11111082
11103189
11093541
11072783
11465703
11287954
11301694
11144995
11172184
11214866
11087401
11141779
11930541
11127745
11172768
11190309
11175399
11089448
11094126
11387646
11089448
11165459
11116636
11085355
11083893
11370104
11095295
11415127
11222760
11211943
11098218
11095002
11117221
11263689
11115759
11115467
11141193
11263397
11134470
11641991
11120438
11181246
11080093
11078046
11082139
11186509
11145287
11167214
11110205
11240886
11094710
11159612
11093248
11081554
11082431
11077461
11485291
11147041
11104065
11091494
11074831
11081262
11171306
11169844
11187386
11288246
11195279
11152888
11092371
11074246
11082431
11078924
11103481
11078339
11171014
11136809
11138270
11133300
11129500
11359288
11261642
11084478
11258718
11170137
11211943
11073077
11068691
11080385
11087109
11125406
11493769
11124530
11318943
11274506
11373613
11095003
11170430
11089155
11074830
11113713
11217498
11090910
11084478
11079216
11082431
11091494
11098804
11068983
11130669
11084185
11083893
11080092
11079800
11081262
11097049
11077462
11078631
11114590
11079801
11083308
11074246
11086232
11093248
11085355
11147041
11134470
11116636
11075708
11084478
11079800
11079508
11159027
12145419
11301110
11126577
11242348
11074831
11083893
11078923
11079800
11150257
11111374
11089156
11116051
11085940
11078046
11250533
11263396
11256965
11092664
11149087
11178323
11204342
11168674
11540545
11384722
11106696
11273629
11858623
11213989
11284738
11153472
11096172
11288247
11274214
11221883
11203465
11324498
11312511
11122191
11151134
11154642
11214282
11350809
11174229
11096464
11473012
11162535
11298187
11094418
11102897
11106404
11081847
11155519
11084478
11076877
11178030
11105235
11080093
11094126
11079508
11077754
11084770
11085648
11077754
11109620
11085940
11083016
11077169
11079801
11085063
11080970
11079508
11081847
11102604
11090032
11078339
11075415
11084770
11076585
11085063
11070738
11096756
11078046
11125407
11076877
11089740
11095587
11096464
11284738
11389692
11266028
11185924
11095879
11102019
11212235
11199664
11249071
11291170
11157566
11254626
11406940
11146456
11081554
11306957
11484121
11147041
11251995
11884349
11355779
11165752
11095295
11100850
11084478
11078046
11079508
11325960
11596384
11116929
11114590
11074831
11104942
11083601
11087693
11078631
11078339
11101434
11083893
11085647
11078338
11085355
11078338
11427698
11083893
11173353
11085647
11080385
11078630
11080970
11087401
11083016
11085940
11073660
11140902
11087694
11084478
11081262
11084185
11078630
11085648
11081262
11088571
11128330
11080385
11076584
11068983
11076292
11078631
11073661
11151134
11177737
11109035
11101142
11074538
11196448
11857746
11133301
11098511
11089448
11122483
11134762
11239716
11254626
11152303
11088863
11186801
11335899
11190894
11171599
11149088
11110204
11119268
11079216
11316312
11089448
11155519
11177153
11106696
11081262
11072784
11175984
11120730
11135640
11176276
11183293
11154057
11083893
11077169
11081555
11085355
11076877
11083308
11091786
11087694
11104066
11084478
11084185
11081554
11090325
11077169
11091787
11080969
11101142
11159904
11140610
11092079
11097633
11089156
11072784
11076584
11078631
11123653
11073661
11074245
11080969
11080678
11078046
11071907
11158150
11216036
11198494
11100850
11081847
11170721
11353733
11084185
11077462
11094126
11078046
11103188
11078631
11094125
11218082
11738467
11093834
11232408
11131838
11226561
11089155
11068983
11077169
11075707
11080678
11070738
11086817
11078338
11096757
11074830
11083893
11187386
11270998
11247902
11100850
11118975
11089741
11105235
11077754
