40052
39760
35959
32744
31281
29527
39467
37421
40929
35667
44730
78058
38298
52038
33913
31574
30989
29235
28651
28066
27774
27773
28650
26311
26896
25727
25143
45314
36543
33913
32159
30405
35666
59055
31574
29528
27773
27188
26896
26604
27188
25726
25142
26019
26020
25143
26019
25434
26019
25142
26604
26896
25727
26604
26019
25434
25727
25727
25727
25727
25434
25143
25727
25727
26312
26019
40052
36836
33328
53208
36544
33328
30697
30112
29235
28943
27773
28066
26019
60809
38006
39759
39175
51454
40345
56132
67533
108170
39468
38590
45315
54962
32451
30989
30697
29820
47653
37421
39760
250836
39175
38883
36252
125418
34205
44730
45314
51747
254638
42976
35959
33913
32743
30404
29820
28943
28358
28065
39759
36543
35082
31866
35375
30405
28651
28066
27189
27481
26896
27188
27189
26311
25727
26019
26311
26020
26019
26019
44729
39468
35666
32451
30404
29820
163131
32743
30404
29527
27774
27189
27480
38883
38590
60517
39760
37421
35375
93553
37129
55254
32744
33328
31574
30697
34205
70457
39175
35959
109339
35667
33035
30989
30989
29820
30112
28358
27773
27481
27774
27481
26897
26896
26604
26603
26019
26019
26311
26020
26019
25435
25142
25142
26312
40053
37714
90921
39175
37128
33620
31281
30404
29235
28943
40052
132435
32159
30112
286796
40052
36544
38590
44437
33036
35082
42391
35666
39760
37421
35083
38882
40637
37128
41222
32158
30112
48238
39175
35082
33036
31866
65487
30404
28943
42391
40052
38298
50577
33620
41514
32744
56424
84489
31866
30404
57301
69579
39759
36251
37128
35375
31866
30697
30112
28066
57886
28358
27773
45022
38006
49992
56716
94137
35959
48530
34497
77180
38297
36544
59348
37713
35374
33912
37714
34205
30989
33036
32743
57593
40052
37421
49700
38298
38882
40052
40929
52331
34789
33036
39760
35667
76888
38005
35082
40345
36544
33620
32158
34498
31574
30405
28942
28358
27774
27189
27189
27481
27189
27188
26604
26312
26311
25727
26019
25727
25143
26311
24850
24850
25434
25435
26311
25435
24558
25142
25727
40052
42391
38591
38590
74550
34789
32451
30404
29528
28358
28943
28358
78350
38298
36252
32743
30990
28943
28650
27481
27481
27773
26604
27189
26604
25727
25727
25727
25434
26019
25142
25143
24849
25142
25142
25142
24850
24557
24850
25142
24557
24266
24265
23973
25142
26020
25434
25727
24849
24850
24557
25142
25434
26019
25727
25142
24849
25726
25727
26019
25727
24850
24557
24850
25142
24557
24850
24558
23972
23973
24265
23681
23973
23680
23680
37713
24265
23972
24265
23681
23972
24265
24265
24265
25727
23680
24265
24265
24557
24558
25142
23973
25142
25143
24265
24850
57009
23973
23972
24265
23973
39759
40052
36252
53793
41222
32159
29820
27773
26311
26312
25434
25142
25435
24850
25434
38005
34205
31281
29820
39760
46191
33035
37129
33913
29235
43268
36544
33328
27189
26604
48238
27481
26896
26604
26019
38883
34790
37421
34498
32158
30697
28650
28942
28358
27773
27481
26604
26312
26896
26604
26311
25727
27481
26604
26896
25727
25727
25143
25142
24850
25142
24557
24849
24265
25142
25142
25143
25727
25435
62271
38298
39760
54670
41514
40052
37420
34497
31867
30405
28943
28066
70164
78350
38883
36252
33912
30990
29235
28651
28066
180088
82735
80396
39759
36251
85659
35374
36544
35083
28651
28943
28358
28358
28943
27773
26897
27189
26896
46776
37129
33621
31866
29527
28357
27481
26896
27189
65487
26311
26020
25435
25727
88290
36252
33328
30989
31282
29820
29528
28065
27189
26604
27189
28066
27188
27189
39467
73965
40345
40929
34205
30989
28943
28066
26897
26603
26019
26311
26019
26019
286503
38883
91798
56423
34789
40052
43560
139159
35374
45899
33328
53207
38298
38298
35374
33327
30696
30697
98230
38590
33620
62271
48237
30405
45899
33912
30405
29527
80104
34205
29527
30404
52331
51746
33621
31281
35375
32159
34205
31281
30112
36251
33035
87997
87413
39468
33328
76304
36252
40930
35959
30404
28943
33620
31281
89167
32158
30405
29235
28066
27773
28066
27481
26604
36251
27188
43268
37421
81858
36544
33620
61978
31574
37128
31281
30404
43560
78350
29820
29527
52623
28358
38298
33621
31282
29527
28650
27773
28358
28358
27774
27188
27189
26896
26312
26604
27189
104954
38590
35082
32159
31866
31574
30404
28943
28650
26896
116064
127757
61101
34205
31573
30113
29235
28358
27481
27774
26604
26896
26604
26603
26896
48238
59639
37421
26311
40344
35375
31867
30697
39468
34497
32451
29820
29820
29235
28358
33620
37713
27189
27188
26603
26312
25727
25727
25435
25435
26019
25727
25727
25727
25727
26020
25727
25435
25142
25435
26311
26897
26604
25434
26604
25726
25434
25142
25142
24850
24850
25727
25435
24558
25727
24265
25142
40052
36544
33913
31573
75719
39467
35082
32451
29820
29527
28943
28943
27774
28358
28066
28066
28065
26896
26312
26312
25142
25435
25726
26312
26019
25435
25142
25435
25727
26020
25727
25726
25434
25727
25435
25727
25434
25434
25434
25727
26312
26312
40052
39467
39760
36252
43560
35666
90629
34790
34497
31866
30113
28943
29235
27773
26604
26896
26604
26019
26311
26019
25727
25727
25142
26311
26604
26896
25142
25435
25434
25434
25435
94429
80981
47361
393797
37421
35374
37713
33912
31574
62270
46776
34497
34497
32743
30404
28651
27481
27188
26896
26311
26311
26019
27188
48822
26312
36251
46776
196168
37421
39468
33913
39467
45315
41806
45314
43853
31866
147637
36836
33913
31281
30697
29527
72796
34790
35959
39175
46191
35959
33620
119572
36544
34205
48823
37713
56716
40345
35083
48823
35082
33913
64025
38006
44438
38005
38006
33328
30697
56716
312523
38591
35666
33912
30989
30112
29527
29235
27773
27773
28066
27481
27481
26312
39468
49700
299075
35959
32744
30404
30112
28943
27481
27773
27481
26312
25727
25726
26020
26020
25434
24850
26311
26020
26020
26020
25434
25142
25142
25142
24850
36251
25435
95598
26312
45607
38006
34790
33036
30405
29527
28650
28066
28943
27773
27774
26896
26896
26019
26604
26896
26019
27774
25727
24850
25142
25142
24850
25142
24849
23973
24850
25142
25142
24850
24850
24557
23973
24558
24557
24850
24850
24558
24557
25434
25142
24558
24266
24557
24265
23681
24265
24557
24265
23680
24265
25142
24265
24557
25726
24265
24265
23973
24557
24266
24558
23973
24557
