3923347
3925977
4066891
3807284
3806115
3811376
3942350
3809330
3806699
3826579
4128285
4390231
3813130
3840611
3833011
3808161
3806991
3990880
3829795
3820732
3806699
3859907
3825701
3825994
3834473
4086186
3817223
3850551
3807576
3894112
3808453
3830672
3807284
3926270
3830379
3807283
3817809
3869262
3807576
3806114
3817808
3821024
3819854
3813131
3806406
3874232
3847043
3840027
3993511
4200496
4017191
3912237
3883002
3817516
3826287
3809038
3820440
3926270
3962814
3918084
3833595
3821901
3809038
3807575
3853768
3811961
3808453
3811961
3823363
3809914
3808746
3883879
3936795
3809622
3809623
3827164
3816054
3807283
3809330
3816054
3823655
3808453
3884465
3807283
4004328
3807284
3821024
3806992
3897036
4286446
3807283
3811084
4069523
3856983
3854352
5103274
4012221
3807576
3809330
4062213
3838857
3978601
3965446
4657148
3872770
3812838
3819562
3866338
3807284
3806699
3841489
3916623
3885634
3924808
4444608
3810792
3817516
3985033
4013975
3806992
3817224
3810207
3959598
3806991
3811668
3869262
4348424
3820147
3806699
3806114
3813131
3806406
3806698
3806407
3809038
3806699
3806698
3806991
3815177
3808161
3827163
3824825
3823656
3806406
3806114
3814592
3807284
3806698
3812254
3806406
3807575
3808453
3811961
3805822
3808453
3811084
3806406
3806407
3844705
3816931
3807869
3806699
3808745
3806114
3826871
3807576
3814007
3806406
3806406
3809330
3809037
3806699
3806991
3814300
3886511
3807576
3806699
3817808
3808161
3807576
3813716
3806699
3806406
3811377
3811961
3806407
3806406
3806114
3899082
3944104
3896743
3929487
3909022
3940011
3859907
3899959
3898790
3899959
3881541
3897328
3874232
3919546
3832425
3896450
3908730
4011052
3807576
3806699
3820732
3931825
4084140
3861368
3866339
3986787
3807284
3818100
3807575
3839150
3807284
3815762
3806991
3811376
3850844
3806991
3808453
3812546
3992049
3812253
3831256
5038080
3806991
3806406
3811669
3830672
3866339
3862830
3969538
3879494
3807284
3808453
3837980
3848798
3901421
3818100
3822486
3809622
3806407
3815177
3806992
3806407
3812838
3806407
3806406
3809038
3811377
4368012
8191668
4123022
4122437
3808453
3810207
3821024
4188216
3910191
3807283
3806991
3926563
3847335
4179738
26535506
7456990
4612710
5520166
4243763
3940303
4406603
3988541
3949073
4444316
4542254
3957844
3856983
4007251
3985032
4263058
3955797
4367720
6161584
6705648
5373407
5112045
6115977
4055197
4507756
5334524
4261305
5687098
21473454
4749822
4249318
3930071
5191856
7052669
5312597
4422974
4734912
5261143
4487876
9937294
4061045
4536407
10775463
3823071
4170383
4007252
3814300
3818685
4366258
4070400
3943812
4209558
5676282
4990134
4722926
5538877
3988541
3833011
3829502
11753961
3832426
5107367
5516658
3840027
5048604
3891773
3806699
3826871
3964276
3893819
3816931
3890604
3851721
3807869
3806991
3850259
3848797
3806991
3814300
3833303
3880955
3806699
3817223
3916915
4134132
3894112
4323575
3890311
3941765
3913407
3815178
4003451
3842658
3827163
3809037
3992634
3818100
3808160
3806699
4168337
3902883
3814300
3808453
7414014
3809037
3820439
3850844
3860491
6834575
3848212
3816054
3856691
3961645
20737022
4148749
3954921
3941472
4227391
3854645
4175645
4029762
3939719
3927148
3826579
3945273
4593414
3806699
3806991
4500740
3812253
3806699
3807284
3974801
3829210
3807284
3809038
3909899
3806991
3806991
4106943
3807576
3806407
3806991
3822486
3875402
3806991
3818101
3967199
3839734
3890896
3818100
4155473
3807283
3817808
3806406
3897620
3848212
3923931
3809330
4906230
3933579
3808453
3810499
4038533
3807869
3806991
3807283
3942934
3808746
3806407
3855814
3914284
3888265
3844704
4137347
3806699
3806698
3819562
4004620
3811377
3911652
3822485
4068060
3811669
3819854
3806699
3926855
3807868
3818393
3806406
3988833
5350311
3809622
3913992
3861953
3816931
3806115
4075954
3818101
3806699
3806114
3981232
3821317
3824240
3827164
4375906
3807284
3807868
3806991
3940596
3811376
3806699
3816639
4295509
3840027
3925101
3850844
4043796
3807283
3818977
3806406
3950536
3888265
3809038
4370059
6639577
3922177
3838857
3908730
3819855
3806991
3806699
4036487
3807284
3806699
3808453
3828040
3811962
3861953
4054904
3817516
3889726
3811961
4229145
3809915
3806991
3819270
3894112
4309249
3897912
4080924
4117468
3897328
6764119
4397539
3897035
3842950
3819270
5718088
3903175
3809914
4067184
4265397
3808453
3821609
3863707
3831256
5576298
3806991
3898204
4040871
4016606
3858737
3915161
3807868
3807284
4677904
3807575
3806699
3819562
3994095
3844704
3891189
3886803
4147288
5647631
4082386
4061921
3940888
4488754
3824240
4115129
3836227
3832426
3806699
4251656
3817516
3808160
3843827
4247564
4126530
3811669
3945565
3918377
3892066
3808453
4015730
3897327
4760054
3862245
5658741
3923639
3812254
4476182
12274346
5493855
3813715
3850551
3935333
5740599
3867508
3835349
4645161
3877448
8160970
5415797
4228269
3861368
5996990
3810500
3806407
3806114
4018653
3834473
4220960
3883587
3881541
3898789
3807868
3896158
3925393
3890019
3816346
4027132
3818685
3808453
3819855
3975970
3830671
3819562
3807283
3959891
3942350
3898205
3814592
3944689
4928156
4015729
5284240
3896451
3895866
3834180
3817516
3819855
3806699
3837981
3853767
3807576
3806407
3807283
3836226
3806992
3807284
3986787
3940887
3813715
3892943
3821609
3909607
3836811
3877155
3807576
4376491
3807284
3871893
5102397
3820147
3819270
3806699
4097004
3822778
3891773
3811377
3897912
3841196
3807283
3806699
3829794
3806991
3806699
3843827
4057243
3859029
3806699
3806406
3866046
3806991
3815177
3909607
4410696
3961353
3829795
3924809
3838858
3836810
3902882
3996727
3877155
3833303
3815177
3847043
3807869
3880956
4483783
3985325
3818685
3807869
4118344
4012513
3821024
3810207
3807284
3868969
3806992
3813423
3809623
3960183
3809915
3816055
3827748
3913407
3881541
4723803
3960767
3933871
3890896
3823655
3996143
3842365
3819562
3854060
3852598
3807283
3818100
3806991
3885634
3809915
3862245
3959306
4002281
3821609
3816346
3822486
3842073
3807284
3858153
3807283
3835350
3806991
3842658
3808453
3930070
3921885
3816638
3939718
4317728
3908145
3859322
3910191
3866338
3806991
3954044
4435253
5848184
4684920
6382601
3939133
3827456
4786366
3994973
4712109
4396662
4032978
3861954
4205172
4121853
4091156
20539393
4096710
4076539
3920716
4204296
3821609
3881249
3811669
3809037
3879787
3813130
3813131
4311296
3812546
3806991
3828917
3818977
3808746
3807576
3815177
3806699
3893819
3935626
3808453
3806698
3977724
3999650
3825409
3809915
3957552
3823070
3812253
3813130
4201080
3885634
3880079
3816055
3936210
3835057
3833887
3931825
3820147
3811669
3816639
3822486
3813715
3847335
3835934
3840027
3895573
3809622
3823363
3821901
3808453
3819855
3873939
3987080
3818685
3934456
3810500
3885926
3822486
3939134
3891481
3903759
3813423
3874524
3812838
3943811
3808453
3818393
3806991
4124776
3816346
3863707
3819270
4349594
3808453
3808160
3822194
3855229
3809038
3811085
3973631
3813715
3830964
3819855
3807869
3807868
3816639
4011637
3820147
3822193
3867215
3837688
3861953
3820439
3864292
3863415
4001404
3841781
3824533
3820732
4227099
5439770
3840319
3876570
3834180
3834180
5060299
3887388
3925978
3812545
3819562
3862538
3826871
3810499
3820439
3918085
3811669
3892943
3818977
3944981
3807283
3809330
3809330
3898789
3817516
3808453
3809329
3901128
3836519
3809622
3811084
4028008
3808452
3811669
3844120
3856983
3814008
3875109
4094956
3861954
3886803
3819562
3936211
3815761
3820147
3835642
3994973
5186595
3989710
3814300
3927147
3845582
3926855
3838273
3946735
3905221
3811376
4077708
3825409
3884757
3816054
3840904
3829210
3968369
7064655
3811669
3808160
3833010
3861661
3814007
3812254
4107820
3833595
3845582
3907852
3902298
3846166
8052508
3977724
5140403
4051396
4165121
4618265
4102266
4022161
3854937
3870724
3836226
3821316
3808161
4221545
4956514
11683505
14768974
7748171
4280892
4965285
3881249
4027424
6735468
4167459
3915453
4686090
4261597
4430283
6938945
4907691
4341993
4585521
4367428
3840026
5885020
4218036
5503210
3979478
4017191
4253703
3967784
3974801
3912237
4178277
6871704
3990295
4105774
4995397
4603939
3878617
4233824
5570159
4090571
3892942
