15469446
14572807
13088542
13410128
18717170
13183556
12561434
11608955
14840892
12411166
16005910
15583171
12134017
12119107
14788562
12242187
11840205
14075519
12845891
12677789
12067361
11411619
11668595
11604277
12199211
11407526
11411618
12128170
21031712
13625298
14600287
11987549
11387061
11152596
15272110
13913556
12840044
11335899
13100821
13467429
12345094
12236632
11366888
12049820
12652940
13127717
13007561
15461845
11975271
11776764
12393917
11398463
11892243
15230012
14210000
12124370
11966792
12060929
13085619
11193232
11151133
11490553
11239132
11167213
11319528
11148503
11171306
11144117
11375074
11131255
11139733
12795607
12652355
11293509
11494938
11524758
11184754
11442315
11377121
12838290
12725150
12728367
12492439
16895534
11275091
11566564
11700169
11222467
11264859
11147041
11133008
11276844
11435299
11698122
11439099
11509848
11140317
11137394
11132424
11205804
11135347
11181538
11446408
11387061
11208142
11454887
11582936
11198787
11152888
11227145
11346716
11404895
11635267
11315727
11422143
11420973
11344962
11207557
11161366
11149673
11175399
11177446
11413957
11117221
11136224
11213112
11727650
11438515
11324206
11136809
11327421
11525051
11455471
11181831
11324498
11314850
11273044
11185339
11216621
11201125
11138856
11137394
11372735
11450209
11260180
11265443
11219544
11134469
11158442
11144994
11114590
11354318
11176276
11453132
11221882
11186801
11161659
11128916
11140024
11165751
11132423
11133008
11142656
11190893
11445824
11377121
11218082
11285030
11162828
11300818
11267490
11170137
11099095
12043681
13485847
13106083
13014870
12527521
11674441
11750453
11144702
11196156
11113713
11318651
13111345
11120145
11346716
11529143
11302279
11213990
11387938
11327422
11124822
11230068
11124822
11137685
11394078
11439392
11420681
11424774
11213112
11191770
11599599
11337361
11427990
11458687
11305787
11570950
11354610
11330053
11406941
11159319
11211066
11295555
11180954
11257550
12000997
11261935
11272751
11139148
11143825
11370105
11186508
11180954
13635823
12829812
14065871
14308229
12508811
11202588
12104490
11863592
12451802
13396973
12372868
12155358
12153605
12290424
11989304
12157698
12818117
12139864
11948082
13308975
11950128
12163252
12603240
11863592
13796616
12505595
12898514
12246572
12401225
11171306
11273044
11237085
11339408
11269243
11187677
11128916
11135932
11416004
11766532
11331807
11282108
11130669
11400509
11260473
11145579
11140902
11142363
11530021
11211650
11859792
13648102
13327685
12498287
12367313
11716833
11275675
11318358
11215744
11404309
11244394
11441146
11252872
11366012
11199079
11590537
11256380
11244979
11375952
11263104
11399632
11192063
11139147
11140317
11471258
11204341
11129792
11143533
11255796
11146749
11147041
11198203
11148795
11144410
11150257
11738174
11524759
11335607
11236792
11128330
11235331
11440561
11707185
11464242
11135055
11141779
11132424
11312512
11342039
11133300
11271874
11178907
11163413
11335023
11339407
11416880
11145579
11212527
11272459
11203464
11369228
11237377
11337654
11222760
11363673
11354317
11394955
11127746
11139732
11144410
11164582
11265443
11207265
11272460
11213989
11254334
11128915
11175107
11159905
11166336
11468042
11873824
12086072
11265151
11548731
11243225
11592584
11269828
11642576
11202003
11131254
11335315
11349933
11902767
11160489
11568903
11408110
11334437
11335900
11264566
11605154
11915339
11868855
11187678
11661286
11974978
12192488
11389107
11612464
11657193
12145419
11218375
11707478
11952175
11287662
11449332
11503124
11361042
11401679
11580305
11245271
11197910
11136517
11142655
11117513
11686720
11268366
11368935
11206973
11137686
11151134
11137978
11123068
11123068
11133593
11141486
11218082
11448747
11181246
11194110
11193233
11355779
11180954
11161951
11234454
11338239
11511895
11179784
11138270
11225976
11312512
11201126
11205511
11458103
11520957
11106404
11672103
11401094
11583228
11892827
11519204
11498447
11573289
11425944
11396124
11432083
11541422
11817694
11519203
11616264
11613048
11603693
11614510
11946328
12195411
11511602
11784950
11276844
11287369
11292925
11145286
11195864
11498739
11314266
11245856
11301695
11304326
11325375
11228022
11184754
11201125
11523296
11471550
11143825
11129500
11186216
11285323
11199080
11235623
11283862
11152596
11141486
11129792
11135054
11299356
11204634
11217790
16721000
11469211
11340869
11427406
11328884
11360457
11147041
11193233
11289123
11710401
11818571
11501370
11684674
11312511
11610709
13032118
16277796
11330929
11130084
11602523
11959776
12107121
12248034
12537461
12009476
13590801
13783753
11964746
14410552
13264537
12193365
11541422
11280061
11468919
11444946
11274798
11413372
11550777
11679412
11275675
11401679
12502964
11259889
11556917
11719756
11380337
11409572
31015490
11190601
11186216
12636568
11289708
11458394
11187678
11257842
11269243
11327421
11253457
11540545
11524174
11192648
11213990
11394663
11301402
11267197
11439100
13131518
13553964
12540384
13478538
12688022
14303844
12238679
13918526
13240564
13996583
12601194
12682175
11574458
12101566
12037249
12433969
12943536
12920733
14611398
13984012
13020425
11860962
12106244
13626468
12286624
11157273
11448163
13620621
11430036
11380922
11183585
11421558
11284153
11313974
11286785
11299648
11254626
11186801
11319821
11466581
11127746
11315435
11287661
11263689
11413373
11475643
11140902
11255211
11480321
11462780
11164582
11375075
11253750
11253457
12674866
11539376
12071454
11439391
11489092
11362795
11165751
11116637
11321574
11136224
11141194
11165167
11148503
11153765
11138270
11137978
11450501
11431498
11447870
11478567
11261643
11324498
11318066
11317189
11123069
11387061
11215451
11293801
11403140
11123946
11124530
11206096
11342331
11187678
11280060
11254626
11618311
11421850
11269244
12257682
11127161
11563640
11316020
11525050
11750746
11729696
11354903
11274506
11337361
11164874
11173937
11340870
11470089
11142656
11266905
11160782
11194109
11320405
11269536
11151426
11186508
12236340
11517157
11422727
11231238
11134470
11245856
11147626
11187678
11232992
11128038
11132715
11126576
11174815
11171306
11323913
11296433
11235331
11140025
11173352
11140901
11267489
11266613
11328006
11282400
11224514
11161074
11189140
11180661
11140901
11148502
11142656
11146165
11249071
11452840
11435884
11653392
11298186
11774718
11517450
11644037
11454594
11625619
11388523
11360749
11479152
11427405
11138563
11219836
11237378
11255211
11198202
11121607
11124822
11142071
11151426
11129792
11415418
11118683
11296140
11614802
11316896
11443777
11320698
11423020
11363088
11290878
11248487
11305203
11746945
13080941
11419512
11138271
11141486
11132424
11144409
11146456
11185924
11475058
11295262
11206681
11140317
11136224
11241470
11162828
11304325
11204926
11213989
11146456
11131254
11113713
11182415
11554578
11207558
11124238
11132716
11118683
11257842
11271875
11478567
11289123
11111374
11227145
11155227
11203172
18239762
12092211
12119400
11771502
11568319
11483244
12459404
13220977
12899391
12574882
16583596
13867364
17394869
14810780
12297149
11958899
11457226
11593753
11539375
11225391
11384430
11782611
11234747
11138562
11240594
14883283
12656740
12103905
11795475
13116900
12025262
11400216
11243224
11385014
11791674
11379752
11366889
11342039
11234454
11288539
11166921
11399632
11318651
11137686
11227145
11173938
11171306
11177153
11136809
11221298
11223637
11349640
11147625
11228022
11132716
11376244
11293801
11220128
11329760
11367473
11188263
11121899
11329760
11361918
11250241
11138270
11140902
11156104
11134763
11389107
11519204
11319821
11981118
11667133
11518326
11508971
11806877
11420096
11297309
11660701
11456641
11437929
11598431
11803661
11546099
11776472
11869732
11374489
11730280
11254333
11353148
11380337
11130669
11154935
11479444
11189432
11343793
13791938
11741683
11600185
11089156
11086232
11083309
11085355
11101434
11086232
11092956
11098511
11162243
11096172
11142948
11113713
11090325
11250533
11168967
11090325
11123360
11113713
11094711
11364258
11132131
11158443
11111959
11081262
11092664
11096464
11327421
11336484
11082139
11135931
11232408
11353733
11096464
11233284
11409572
11410449
11253164
11130085
11319236
11243809
11231238
11078923
11097049
11096464
11097634
11196156
11198495
11108158
11085647
11172768
11302864
11089448
11299941
11214867
11090325
11092371
11129207
11104650
11087986
11073661
11081555
11090618
11176861
11243516
11157858
11165166
11165752
11129207
11193233
11110789
11087109
11118391
11087987
11106696
11085355
11079216
11109035
11090032
11121606
11097049
11078338
11228607
11244394
11132131
11072492
11210773
11109620
11154057
11311927
11161074
11095880
11193817
11197033
11093834
11152595
11137685
11092956
11135347
11157858
11136809
11156981
11108158
11079508
11080677
11085940
11093249
11080677
11091202
11114298
11080092
11080385
11134470
11079215
11113713
11080677
11097634
11248779
11118683
11083016
11082139
11090325
11080970
11087110
11077462
11087986
11085648
11102896
11081847
11083601
11091202
11081847
11085940
11082139
11085647
11102896
