171025
171317
170148
171318
169855
171610
169271
170733
170148
173364
169856
169856
170148
169271
169271
169564
168979
169271
170148
170732
169272
169564
170733
169271
168686
168686
169563
168979
168978
168979
170148
168978
169271
168686
168979
168979
169271
168686
168979
170148
169271
168686
169271
169856
169271
168979
168979
170441
168687
168687
168686
168979
168979
168686
168686
168978
169563
168979
168686
168979
170148
169272
168979
168979
170148
169271
168686
168978
170148
169563
168979
168979
169272
169856
170148
169272
169271
169563
170148
169564
168687
170441
168687
168979
169564
170149
169271
168686
168687
169564
169271
168686
168686
169856
168979
168687
168979
169563
169563
168686
168686
168979
170148
169856
168979
168979
169271
168687
168686
168979
170148
169271
168687
168687
169856
168979
168979
168979
168978
169271
168686
168686
168979
170148
169271
168979
168979
170148
169271
168979
168978
168979
168687
168686
168687
168978
169271
168686
168979
168687
169564
169271
168978
174826
169856
169563
168686
168978
169563
168979
169563
168686
168979
168978
168979
168978
168979
169564
169271
168979
168979
170148
169271
168979
168687
170148
169271
168686
168978
168687
169271
168979
169563
168978
169563
169272
168979
168979
179503
168978
168978
168979
185058
169563
168979
168686
170441
168978
168686
168687
168978
168978
168686
168979
168979
169271
169563
168979
168979
169563
168979
168979
168687
171025
168978
168979
168686
170148
168979
168979
168978
169856
169563
169563
171025
169563
170733
168687
168979
168979
171902
168978
168686
195290
171317
169563
168979
193537
172195
169563
168686
192660
171317
169563
168979
192075
168686
168687
168686
192367
168979
168979
168979
168979
168686
171610
168979
168687
168686
172779
168979
168686
194121
171025
168979
168978
192367
171025
169271
168979
192074
194121
168979
168979
168979
168979
168979
168686
168979
168687
169563
168979
168687
168687
169271
168686
168978
168686
170440
168979
169563
169564
169563
170441
168978
168979
172779
168979
168686
168686
168978
168979
168687
168686
168687
170733
168979
168686
169271
171318
168979
168686
168979
175410
168978
168687
168979
168978
168979
168978
168979
168687
168686
168686
168978
168686
172195
168979
168686
168978
170732
168979
168686
168686
169856
168979
168979
168686
168978
168979
168686
168687
168687
171902
168978
168979
168978
171318
168686
168978
168979
170441
168979
168687
168687
168686
169856
890500
168978
169856
168978
168978
168979
169564
170149
170148
168979
170148
168686
168687
168686
168978
184765
168979
168687
168979
169564
168687
168979
168979
169564
168979
168686
168979
169564
168979
168686
168978
168686
168687
168978
168687
168979
169563
168686
168686
168979
169271
169563
168979
169272
171318
174241
170732
170148
171318
169856
173656
168979
168979
168978
168686
168686
168979
169564
168687
168686
168979
169271
168979
168979
168979
169564
168978
168686
168686
168979
168979
168979
169271
169563
169271
168979
168687
168979
180381
168979
168686
168979
169563
168686
168687
168686
169271
168686
168687
168978
168979
168686
168686
168979
168686
169271
168979
168979
168979
169271
168979
168979
168978
169271
168979
168687
168979
168686
168979
168687
168687
168979
168686
168979
168979
168979
169563
168978
168978
168686
169271
168687
168979
168979
169271
168686
168978
168686
168686
168978
168978
168687
168686
169271
169271
168687
168686
169271
168979
168686
168979
176580
169271
169271
168978
168979
168687
168979
168686
168687
168686
168687
168978
168979
169271
168686
169271
168686
169271
168979
168979
168687
169271
168979
168978
168686
168978
168978
168686
168686
168979
169271
168686
168979
168979
169272
168979
168686
168979
169272
168686
168687
168979
168979
168979
168978
168686
168686
169271
168687
168686
168979
169271
168979
168979
168687
169271
168978
168979
168979
168687
168978
168687
168978
168979
168979
168979
168686
168686
169856
168979
168978
168978
169271
168978
168978
168686
169272
168979
168979
168686
168686
168978
168687
168686
168979
169271
168978
168979
168686
169563
168686
168686
168686
169563
168979
168979
168979
168687
168979
168979
168686
168979
168979
168686
168979
168979
169564
168686
168686
168979
169271
168979
168686
168687
183596
168979
168979
168686
168686
168979
168686
168978
168686
169564
168686
168979
168979
176872
168686
168978
168978
169563
168979
168979
168979
169271
168686
168979
168687
168686
168979
168979
168686
168979
169564
168687
168686
168686
169271
168686
168979
168687
169271
168979
168978
168979
168979
168978
168686
168686
168687
169271
168979
168686
168686
169271
168687
168979
168978
171318
168979
168979
168979
168979
168686
168979
168979
168686
168979
168978
168687
168686
169563
168979
168979
168687
169271
168687
168979
168686
211077
168978
168686
168979
169563
168686
168979
168686
168687
168686
168686
168686
168979
169856
168978
168978
168686
169271
168979
168979
168686
169271
168979
168978
168979
168978
168979
168979
168979
168979
169564
168686
168687
168686
169563
168686
168686
168686
169271
168686
168686
168686
168686
168686
168979
168686
168978
168979
168979
168978
168979
169271
168687
168686
168979
169271
168687
168687
168686
169271
168979
168686
168979
168687
168979
168979
168687
168978
169563
168686
168979
169271
169855
170440
168979
168686
169563
168979
168687
168687
168979
168687
168687
168687
168979
169856
169271
168686
168979
169563
168979
168687
168978
169564
168978
168687
168979
169271
168979
168686
168687
168979
168979
168686
169271
168979
169272
168978
168686
168978
169564
168979
168686
168686
169564
168979
168979
168686
169271
168687
168687
168686
168979
168687
168979
168686
168979
177457
168978
168686
168979
169564
168979
168978
169271
199968
169564
168979
168979
173656
170441
170440
168686
168979
169272
168686
168978
168979
168979
168979
168979
168687
170733
168979
168686
168687
175410
168979
168686
168979
170733
168687
230372
168978
170441
168687
168687
168979
193537
168979
168979
168686
168979
168687
168979
168979
168978
170732
168687
168979
168978
169856
168687
168686
168686
170440
168686
168979
168978
168979
168979
212539
168979
170733
168979
168686
168978
168686
168686
168687
168686
168686
171317
168979
168979
168686
169563
168978
168687
169271
171318
168686
168686
168978
171025
168979
168979
168979
168979
168978
168979
168979
168686
168686
168979
168686
168687
171902
168687
168686
168686
169856
168979
168978
168979
193828
168979
168686
168978
172779
185935
168978
168687
171317
168686
168686
168979
168979
168686
168686
168687
168979
168979
168979
224233
168979
168687
170149
196752
168979
228034
168978
168979
168687
168978
168687
194706
168978
177165
169271
168979
168979
169564
168979
168687
168686
171025
168979
168687
193536
171610
168979
168687
191490
171025
168687
168979
168687
168687
168979
168979
192367
168978
171318
169271
192075
168979
170148
208447
193244
237097
179211
169563
168687
168979
168979
168687
168979
168686
169856
168979
168979
168979
184473
168979
168978
168687
169563
168979
168687
168687
169271
