458991
456067
458113
461621
462499
459575
461914
463083
533541
642879
481501
455775
518631
567161
455190
454605
456067
456652
768590
456359
456360
456944
457529
461037
464253
458113
474486
460745
462499
457821
457822
458698
458113
461329
456652
458698
457528
458406
456067
458114
454313
470100
454021
456944
459867
454313
454313
454606
456359
456067
456360
453729
454313
456652
471855
456652
472439
455774
461622
460453
460160
457821
459868
455190
455483
455191
453728
455190
477117
782330
630600
531786
491150
713628
464253
475070
1244245
1254477
465715
587625
467761
462499
494073
490857
454606
458114
463376
458406
458406
471854
537049
518045
569791
541726
600196
461622
552836
510445
492611
566868
653989
536756
571254
573884
504305
535294
548450
520677
522138
491149
455190
457529
473901
456652
486764
454605
494365
631770
456359
454606
455190
579147
481210
535587
477116
637617
521261
529447
578855
497873
529447
592303
511029
510737
463376
455190
454898
456652
455482
481794
464545
466884
487934
501382
537633
488811
496997
658374
562190
566283
539095
511907
563945
572715
559852
514245
468346
882022
957157
652235
549034
566576
551081
496411
489688
525061
500797
514245
489688
523308
509860
532078
455190
479456
552836
525647
537048
736431
516291
596688
543773
496119
551374
501381
464253
508397
456652
456067
467469
611306
1675462
1365570
662759
693163
456944
457822
462791
754849
923536
1025567
774437
728538
1003347
832030
641710
457236
991069
544357
518046
520385
489103
627677
512198
526231
558097
572423
513076
498165
599904
518338
459575
454313
488226
544064
589671
473023
486472
458113
462207
491442
519215
501673
483840
537925
510152
530324
487641
483548
597272
691994
592595
527693
618029
536172
498166
559559
588795
509275
503135
680300
567160
493196
531786
540264
551374
500797
1007733
536171
509275
500797
468346
462791
478870
533248
456067
457529
456067
457237
461037
456359
455483
456944
456360
457529
455775
465715
455190
756604
854833
458114
456652
461622
508106
483256
515122
460745
568330
565991
466007
455190
457236
464838
456360
455190
456652
457822
524184
602828
733508
477701
541141
685854
456944
468638
520969
1310023
482087
493196
455774
523308
686732
456652
482963
461037
455190
455482
461622
460745
492319
455190
455483
457529
460452
458991
457529
458405
464253
457529
457821
456652
555759
462792
3331921
460452
461329
468346
494657
527108
460453
456944
456652
456652
458699
458991
456359
458991
456067
456944
456359
457237
479455
532371
543772
699595
464545
603996
472147
1856719
504013
456067
461914
571546
457529
454605
524770
455775
463376
496119
1686279
466884
541726
454605
457529
702227
574469
462791
596395
456360
456068
456944
456652
459284
468638
456067
458113
473024
480917
482379
458991
470977
455190
459575
454898
457236
491149
475947
456360
463960
455190
459283
508982
456652
455482
461329
471854
527108
456652
458114
460160
468638
518046
454020
456067
457529
501089
505182
456068
461622
504013
738478
1274942
517753
669191
454898
1679263
555467
563360
572130
483256
457236
488810
455482
487349
454898
522431
485009
515707
456360
524769
493780
532078
488225
476824
455190
573592
455482
457237
457529
458406
457529
457529
461914
455775
456945
457822
459575
456652
456359
457237
470100
456067
459576
458113
460160
456652
480040
456067
457529
458113
456359
459283
480917
456360
455190
458113
456067
458114
522431
454313
456067
458406
458406
519800
455774
455775
470977
454898
458698
454313
466884
755142
658082
457237
525062
630893
897224
1193375
478286
458699
467761
464837
561898
466884
558975
455775
477994
484717
502551
454313
454898
454021
455775
467177
492026
524769
472146
532078
573008
468638
484425
504012
549620
702226
465714
494366
456067
478578
455774
457529
457821
454605
455190
456944
459868
456360
457236
456944
468054
453728
456652
456944
457822
457237
456944
456944
457529
455190
456652
456067
456944
456359
455775
468053
454898
457821
456651
457236
742863
518630
465715
457237
456944
456360
458406
457236
524769
456359
454313
453729
456360
458698
457529
458113
456652
456652
492319
456359
457236
457528
456944
457237
457237
515999
455482
455775
464545
550497
1197761
454898
461915
454898
751634
573884
492319
475362
592887
485302
458991
456068
461037
504012
458990
456067
494366
541434
872082
527985
583824
470977
459868
454605
553420
539095
462499
593472
455774
454606
457529
460452
464838
541433
456067
571253
474486
475363
506936
514830
492903
468053
463084
460745
454313
465715
454606
458114
456067
454605
456360
456944
492903
535294
544065
668606
834953
500797
467176
474778
507521
458698
495827
492027
486179
905995
490272
496120
467177
615106
487933
498458
573885
549035
527985
457529
453436
458113
453728
456067
454021
455190
542311
465423
744325
507520
504013
456359
456360
458698
463376
621246
512783
469515
542311
475070
464253
467761
509567
473316
454898
456067
456068
475070
456359
473316
550497
457237
455191
461622
462499
462499
494950
560729
691702
573884
456652
3475757
468931
458991
459868
459283
479747
546403
508983
526816
511906
539680
508398
503136
510737
555759
682639
703980
642587
2258117
800456
640248
491149
466299
590548
520969
493780
473608
464545
508398
455190
471854
459283
475655
471854
530325
583532
464545
548743
516876
462792
465422
454898
456067
456360
830568
592303
488518
537340
486471
519799
520677
465422
521847
467176
460160
465422
494950
530324
758065
456068
458406
457821
476824
527400
456652
455775
458991
496119
475363
531201
549620
459575
1129351
682054
667144
493196
479455
510445
581193
487349
635863
504013
525354
515707
485887
455190
468053
455482
458698
456651
456944
454606
465130
499335
553420
532371
456360
466008
512491
515707
715090
754849
692579
484132
453729
456067
456652
457236
549327
472146
558975
524769
536756
537341
486179
464253
505182
505182
499042
458114
457237
457237
457821
455775
457237
455775
457821
456360
480040
458114
458991
456945
456944
455775
468639
454898
456359
458406
460745
458114
457821
456652
456360
508397
584702
518338
456067
455775
457237
542603
513660
472146
527401
562775
504305
513075
490272
692287
905703
459868
457237
461914
455190
500797
471562
506644
469515
476824
515707
482087
510737
515999
475070
483256
459283
456651
458990
458990
458991
458698
457236
463083
457529
456945
456360
464253
711874
565991
711289
456944
456359
460160
459283
459868
454898
458991
458698
459576
458406
460745
458114
507521
458114
457237
458990
457529
456944
458991
459868
457236
460160
460452
460453
461037
473023
456945
468639
464545
466884
465130
461914
470684
460160
460745
784669
459283
461622
458991
463960
459575
460160
458406
459575
4064260
554297
870621
503720
594349
454021
457821
476532
454606
559559
455482
457237
456067
458699
457236
457236
456945
480332
466592
524185
455483
457236
460452
457236
463668
469516
462499
455482
529740
455190
616275
456067
458114
489103
455775
457529
456652
456652
503428
456067
500797
453436
458699
591425
465130
465130
456944
453729
460160
516291
504890
456359
465422
458406
456652
623292
476824
455775
457237
457237
458114
457821
1135198
