13740
877
585
585
585
292
584
292
292
292
292
585
585
584
585
584
292
293
292
293
292
585
585
584
585
584
585
585
292
293
292
293
292
584
293
292
292
585
292
584
293
292
585
292
292
585
293
292
293
292
584
292
585
585
585
585
292
585
292
584
585
584
585
292
584
585
585
292
293
292
585
585
584
585
1754
877
585
585
585
292
585
585
293
585
292
292
585
585
293
585
585
293
292
292
293
292
292
585
292
292
293
585
292
293
293
292
585
293
292
293
585
292
293
292
292
292
584
585
292
585
292
293
292
584
292
585
292
292
293
584
585
293
585
585
585
585
585
584
292
292
292
585
584
292
293
584
292
293
292
585
293
292
585
585
292
293
584
585
293
292
585
293
292
293
585
585
293
292
292
292
584
584
585
584
877
585
293
584
585
585
7016
584
585
293
292
292
293
585
292
585
585
293
292
293
585
292
585
585
585
584
585
292
293
292
292
293
293
292
292
292
292
585
292
292
292
293
585
293
292
585
293
292
585
585
584
293
292
585
293
292
584
293
292
292
293
292
292
293
292
293
585
585
293
292
585
585
292
585
584
292
293
584
292
293
292
585
293
292
585
293
292
293
585
292
585
293
293
585
293
293
584
292
293
292
585
293
292
292
293
585
585
585
293
293
584
877
292
585
293
585
584
584
292
292
584
292
585
584
585
1755
877
585
584
585
292
292
585
293
292
585
585
292
293
585
292
293
292
293
293
292
293
292
584
293
292
584
293
292
292
293
292
293
292
293
292
584
585
292
292
292
584
585
293
292
585
293
292
293
292
585
585
292
293
292
292
292
292
292
292
585
292
293
292
292
293
292
585
584
292
585
293
292
585
585
292
585
293
292
585
293
292
585
293
292
585
292
876
292
292
293
585
292
293
585
292
292
585
585
292
293
292
584
293
292
584
293
292
292
293
292
293
292
585
585
292
293
292
292
585
292
292
293
292
585
293
292
585
584
293
585
292
292
292
584
292
292
292
585
293
292
293
292
585
585
293
877
585
585
585
292
293
292
293
585
584
293
292
292
585
292
292
585
292
292
293
292
585
292
585
585
292
293
292
584
293
292
293
292
293
585
584
585
584
292
292
585
15495
2631
584
292
585
292
292
293
292
584
293
292
585
292
293
292
292
292
292
292
293
292
293
292
51746
585
292
292
292
292
293
292
293
292
292
292
292
293
292
585
584
292
584
293
292
293
292
292
292
292
584
293
292
292
292
292
585
38006
292
585
292
292
293
292
293
584
585
292
293
292
293
292
293
292
292
292
292
585
293
585
292
292
584
292
292
293
292
293
292
585
292
293
292
293
292
293
292
292
293
292
293
292
293
585
585
585
293
293
585
585
584
293
292
292
293
585
585
585
585
292
585
584
585
292
293
292
30989
585
292
293
292
292
585
584
292
292
292
293
292
293
292
585
584
293
292
293
585
292
293
585
584
293
293
585
584
585
292
292
293
292
293
292
292
292
292
292
292
293
292
293
292
584
292
293
292
585
292
293
292
292
292
292
293
292
293
292
293
292
292
292
292
293
585
292
10232
585
585
293
292
585
293
292
293
292
293
10817
585
292
16664
585
585
126880
584
293
293
1462
877
585
584
584
585
585
292
292
585
584
292
585
584
292
293
292
292
293
292
293
292
584
292
292
293
292
293
292
293
292
292
585
584
585
292
293
292
293
292
585
585
292
585
584
584
293
292
292
293
1462
877
585
585
293
292
585
293
292
585
585
292
293
292
292
293
292
293
585
585
293
292
585
585
584
292
584
292
584
584
292
292
293
292
293
585
293
292
292
292
292
585
292
293
292
585
584
585
584
585
292
293
292
292
585
584
585
292
293
292
293
292
292
293
292
585
293
292
293
292
293
292
292
292
292
585
585
585
292
292
1462
585
293
292
293
292
292
292
585
293
585
584
293
292
584
292
584
585
877
293
585
584
293
292
1462
877
585
585
585
292
292
293
292
585
292
293
292
292
293
292
292
293
292
585
584
293
292
292
292
292
293
292
293
292
293
292
292
585
584
585
292
293
292
293
584
585
584
585
293
585
585
292
293
292
292
292
584
293
292
292
293
292
292
293
292
293
292
293
292
292
293
292
585
585
292
293
584
585
584
292
292
292
293
585
293
292
293
292
292
293
292
293
292
293
292
292
292
292
585
584
585
293
292
293
292
293
292
292
293
585
293
292
585
292
292
292
292
293
292
293
584
293
292
292
293
292
292
293
292
293
292
293
292
292
292
585
292
585
585
292
585
292
292
292
292
585
292
293
292
