261069
242651
228033
229203
227449
246452
229496
229788
263408
228910
266624
230080
299952
294397
269255
230372
228618
229495
228911
512491
229788
296443
230665
230080
229203
228910
229495
228911
228618
228618
258438
230665
227156
233588
227449
227449
234465
227449
229495
228326
228910
228911
460452
228326
229788
228033
227741
231250
246744
232419
230080
231834
231834
231541
230957
227449
229203
231542
230372
272471
231250
229788
231834
229788
245867
290597
248206
232127
231542
232712
239727
230957
228910
228326
231250
228326
229203
269255
230080
234466
276564
231542
229495
229203
229495
228033
242359
1072050
228619
231834
336203
228618
232126
228325
228034
229495
243236
228911
230080
277148
242651
228618
229495
244406
228910
229203
229788
230372
270716
229495
244113
231249
305507
228326
229495
247329
230665
230080
228618
238559
228326
227741
229496
300536
228618
298783
604289
230373
228033
257854
350821
397305
261946
258730
268670
229787
230372
600489
9107894
235634
229495
326556
265747
237097
226280
308430
281534
229495
227742
227449
263115
229495
228618
229496
273932
228910
338542
325386
229203
228326
233589
227449
229495
275686
230080
228911
230665
389412
229495
282119
306676
305215
228618
342050
228034
287380
239143
229788
228326
374501
364269
528278
823844
228325
227741
242651
228618
532663
230081
228326
229203
307553
228618
228326
228911
237682
229787
230080
349067
229788
285626
229203
332987
252883
229203
360468
242066
229787
232711
227742
297905
379179
228618
227156
229203
228910
228911
246452
228619
271302
615399
308430
229788
229496
228034
821213
230373
314277
402567
228911
231542
2585842
474778
271301
232419
237681
229203
228033
261069
234465
229787
387072
230080
252591
247036
230080
229203
229788
334449
252299
227741
2878777
230080
229496
273348
229202
230080
228619
229203
228910
229202
228911
228326
228033
229787
622415
229496
229203
229202
939615
249960
843431
249083
229788
229495
230372
241482
301122
261362
772390
229495
230080
229203
256100
239143
304922
231249
229203
479163
313985
232419
229203
228910
240604
229788
537925
231249
227448
240020
281534
229787
235342
229495
234758
305214
230665
397012
365439
240020
228911
230372
263408
645510
248498
228326
228910
236512
259315
244113
266624
230664
228911
5767495
229496
230080
237389
229495
228326
263700
228034
262239
229495
228034
379763
230665
228911
230957
230080
229495
406660
396135
330356
280364
315739
258731
307553
229203
554589
889916
430633
352283
1062695
275687
250545
228911
228034
228326
255807
245282
399936
237096
269840
307845
230373
229203
397889
246744
318370
502843
230664
268085
315446
235050
228618
274518
278025
344097
746956
247036
232127
229496
231834
228034
230664
232711
233881
400520
639956
229202
228911
229203
246744
228910
273932
231250
282996
417769
233881
228326
228619
239143
235928
240605
266624
232419
232711
287381
229496
232127
287088
230080
230080
229203
238266
289720
227449
230080
244697
227741
229203
282411
242943
229203
524185
228618
230957
228326
255515
286796
228911
233004
229495
231834
228326
228326
228618
230372
308138
232127
228618
328017
292058
228326
230080
230665
228618
228033
292058
318955
230080
251421
343220
600781
285335
228911
229495
263700
271301
278026
327433
229203
278318
492611
282119
240897
240605
275102
258438
256976
295274
263408
252006
229788
293228
259608
379472
231250
243236
279195
318954
282704
250544
228033
339711
247329
317201
229203
237974
303752
332111
229495
228326
338834
229495
328602
229203
237682
299075
230372
228326
333280
719475
229495
229787
231249
227449
229203
230665
228619
553712
247329
260484
228326
229203
596103
228911
228911
228911
230664
229787
917689
231249
255807
237388
228033
228326
291181
260192
264870
384149
257561
259607
239727
380349
450804
230957
267501
317493
283872
269255
229495
319247
305799
342343
242066
229203
228910
265162
230958
286504
228911
288842
286796
228618
290889
276563
283873
281826
273640
287381
293812
246160
228619
228911
229203
238558
381518
229788
317493
325094
228911
242066
229787
228618
284750
229495
263700
249083
235342
229787
230080
258145
235634
247914
240897
230080
247914
230665
247036
229788
302875
228326
229203
229788
229787
228326
273640
331233
229203
252299
483840
268378
228618
292936
254638
227741
252591
229495
228618
228911
273056
228910
228033
228618
227741
227741
230373
229203
229203
230080
228034
227741
230664
281241
228034
228326
231834
229203
228326
229787
273641
229203
227741
275687
228325
289720
231250
228618
228034
244405
230080
228911
289427
226864
229495
244406
229203
279780
242358
393212
237096
228910
285042
646388
308430
229788
331526
228033
242943
235050
228911
228325
229495
229787
229496
230958
228326
228618
227449
228619
229787
230372
230665
228326
228619
229203
231835
228326
228618
270132
484425
230372
230372
228618
229495
229495
241190
228326
229203
228325
238558
228618
228618
235050
265747
297028
297028
229788
229495
268377
249960
229788
259315
229495
229203
876760
273640
269547
229496
228326
227741
228326
229203
230665
230665
228618
230081
229203
227741
242358
228911
230665
229203
227448
278026
343220
228911
242651
229203
230080
228618
229203
228619
229787
230080
228326
229203
232711
229787
227449
233588
228326
227741
229788
227449
228326
229203
228910
228911
287965
229203
228618
230665
228618
228326
230665
282703
230665
228326
229203
228033
228618
230080
228619
227449
228325
229203
229496
227741
228033
229496
228326
228618
230080
228618
229203
228326
228618
262238
228618
229203
228326
316616
228910
227449
229495
229495
228618
229203
229788
269548
340588
228033
273348
246159
228910
228034
437941
249960
229496
228911
339420
236804
330649
277440
230080
253761
271009
230080
368654
229788
310184
230372
229495
231250
229495
229787
326555
244113
254346
229788
262824
230080
228326
292351
406367
252298
259023
229788
251421
229788
321001
259608
228618
352283
342342
229495
292643
229787
227741
229495
228910
228911
326556
260777
325094
229496
228326
321294
301413
229788
333572
297905
373624
238265
229203
228618
229203
229203
290889
229495
230373
229203
229495
228911
228618
228910
228618
229203
227449
228326
228911
228618
228034
229496
227741
228910
229787
229203
755434
247622
241482
230665
230080
229496
229496
228619
229496
228326
228618
229202
229496
228034
230373
227742
228033
230080
228034
228910
241774
228034
295274
237096
226865
228619
229495
273056
225987
319832
389118
247914
229495
229203
228326
304922
228326
228326
231249
228619
229788
330941
229496
228618
229495
228033
252007
293520
230372
229495
230665
229203
228034
229788
228326
295859
260777
507813
438527
240313
228910
267793
239436
227449
264286
229788
227157
228619
228618
228911
297613
228910
235051
229496
229495
582655
229787
228619
228910
228619
228618
229788
228618
228618
230957
229496
227741
230957
228910
234465
257561
227449
228326
230372
229495
229495
229787
229495
227157
228033
229495
229203
230080
230372
230372
230080
229788
229788
228911
228325
230080
228034
228033
229203
227741
228619
230373
228326
230080
268963
230080
