26311
21926
29527
22803
30990
13156
4093
4093
3800
5847
4970
3801
5847
3801
3800
4093
3800
274810
3800
4093
8478
2046
1754
1462
1169
2047
1170
1169
1170
877
877
877
877
1169
877
1169
1170
1169
1170
1169
1170
1170
877
1169
1169
1170
1754
877
878
1170
877
1169
1169
877
1169
1169
1169
877
877
877
1169
1169
1169
1169
1169
1169
877
877
877
1170
1169
1170
1169
1170
1169
1169
1170
6432
1170
1169
1170
1169
1169
1169
1169
1170
1169
1170
877
1170
1169
1170
1169
4093
1169
877
877
1170
3508
1169
1169
1170
1170
878
877
1170
1169
1169
1169
1170
1169
1170
1170
877
877
877
877
1170
1754
1169
877
1170
1170
877
877
1170
877
1170
1170
1461
1169
877
1169
1170
1169
1170
877
877
1169
1170
1170
1170
1169
877
877
1169
1169
1170
877
1169
1169
1169
877
1169
1170
877
877
877
1169
877
1169
1170
1170
1169
877
1170
877
1170
1170
1170
1462
878
1169
1169
1169
1169
1169
877
877
878
877
877
878
877
877
1170
1170
1169
1169
1169
1170
1170
1169
877
1170
877
877
1169
877
878
877
1462
1170
1170
1169
1169
1169
877
1169
1169
1170
1170
1170
877
1170
1169
877
878
877
1169
1169
877
1462
1170
1170
1169
1170
5847
1169
877
585
877
585
877
877
585
877
585
877
877
877
585
877
877
878
585
584
585
877
584
877
585
877
877
877
585
877
585
584
877
585
877
877
877
584
585
877
585
585
585
584
877
585
877
585
585
877
877
585
877
585
877
585
585
877
878
877
877
584
877
878
585
877
877
877
877
585
877
877
877
877
585
877
585
585
585
585
877
877
585
585
877
585
584
585
585
585
877
585
584
877
585
877
584
877
585
877
877
877
877
877
877
877
877
585
584
877
877
878
877
877
877
877
877
585
877
585
585
877
585
585
585
584
585
877
877
877
877
877
585
585
876
877
584
877
877
877
877
585
877
585
877
584
585
877
877
877
585
877
877
877
585
585
584
585
877
877
584
877
877
585
584
877
584
877
585
585
585
877
585
877
877
584
585
877
877
585
877
584
584
585
877
585
585
585
877
877
877
585
585
585
585
585
585
584
585
877
877
877
585
877
877
877
877
877
877
584
877
877
585
877
585
585
584
877
877
877
877
877
585
877
877
877
877
877
877
877
878
584
877
877
877
585
584
584
877
877
585
585
585
877
877
877
584
585
585
877
2046
1462
1170
1170
877
584
877
877
877
877
585
584
877
585
877
877
585
585
877
584
877
877
584
877
877
877
584
877
877
585
585
877
877
877
878
585
877
585
584
877
584
877
585
877
877
585
585
877
585
877
878
877
585
877
585
585
877
877
877
585
877
877
877
585
877
585
585
877
877
584
877
584
585
585
584
877
877
877
585
877
585
877
877
878
584
585
877
877
877
877
585
585
584
585
585
877
584
585
877
584
585
585
584
877
585
877
877
877
585
877
877
584
585
877
585
878
585
877
877
877
585
585
585
585
585
877
877
584
876
877
584
585
877
877
877
877
877
585
877
585
878
877
584
877
585
877
585
877
877
877
584
877
584
877
585
585
877
585
585
585
877
585
585
877
584
585
585
878
877
585
585
585
877
877
877
585
877
584
585
585
585
877
877
584
877
585
877
877
877
877
877
585
585
877
877
877
877
585
585
877
585
585
585
877
877
585
877
585
877
877
584
585
585
877
877
877
877
585
877
585
584
877
877
1754
1169
877
877
877
584
878
877
877
585
585
877
585
878
584
585
585
877
877
584
877
585
877
585
877
877
877
877
585
877
877
877
584
585
877
585
877
877
585
877
584
585
585
877
877
585
877
877
584
877
877
877
877
584
585
584
584
584
585
585
877
877
584
585
877
877
877
877
585
585
877
877
585
585
585
877
878
877
585
584
33035
585
877
877
584
585
877
877
584
877
584
584
585
877
585
877
585
877
585
877
877
877
877
584
584
585
585
585
877
585
877
584
585
585
877
584
877
877
877
877
584
877
877
877
877
585
877
584
877
584
584
585
877
585
585
584
585
585
877
877
584
585
585
584
877
877
877
877
877
878
877
584
877
585
585
584
585
877
877
878
585
585
585
877
585
585
584
585
584
877
877
585
877
877
585
585
585
585
585
584
585
877
877
584
584
584
877
584
585
877
585
584
585
585
584
585
6724
585
584
584
585
584
584
585
585
877
585
585
584
585
585
584
877
585
585
3216
1170
877
877
877
877
585
585
585
584
585
584
585
585
585
585
877
877
585
585
585
877
584
585
585
585
585
585
585
585
877
585
585
585
585
585
585
585
877
877
584
877
585
877
585
585
877
585
877
585
585
585
585
585
585
585
877
585
877
584
585
584
585
877
877
584
585
877
584
585
585
584
585
585
1461
877
585
584
584
585
585
877
877
877
585
