171902
169564
160208
162547
159915
158746
160500
171610
158162
160500
169564
159331
162547
167224
158746
159331
159331
158454
168979
170441
158746
158454
164886
158162
168979
157869
166932
157870
166640
158746
157870
157577
224233
158162
168102
165763
157869
157577
157869
157870
157578
167225
169271
157577
169271
158455
157869
157870
157869
157869
157870
167225
158454
157578
157870
158747
157870
157870
157870
157577
166055
166932
161085
157869
167809
158454
157869
157869
263992
186520
157870
199384
157870
157577
157870
157870
157578
167517
158161
157577
166640
158454
157870
157577
157577
157869
157869
167224
158454
157578
157577
157870
157577
157577
166348
192659
158454
158162
157869
157869
157869
166932
159331
157577
157870
157869
157870
157577
168687
184765
158162
168686
161670
157869
157869
157869
157870
157577
157577
160793
157577
165763
159331
158747
275979
159039
170440
185935
157869
167517
158162
157577
157869
159331
157869
169855
181842
157869
171902
162255
160793
170733
157577
157577
158162
157577
157578
158454
157577
157870
169856
158455
168978
170149
157869
166932
166056
158454
157870
157870
158161
161085
157869
157869
171025
157869
157869
171902
157577
157577
157577
158746
159331
356376
158162
157870
171025
193829
158747
158747
158161
158162
157869
176288
178627
158454
167810
174533
158161
186520
158746
164594
165470
158162
157869
159039
158454
169271
158454
157577
157869
157869
157577
157870
157577
157577
157869
157577
169856
158454
157869
157869
157869
157869
225987
178041
159331
158162
159039
159624
158454
157577
171317
158747
158162
157577
157870
157869
157577
158162
213416
172487
159331
159623
158454
157869
170148
168978
157577
183011
157869
157577
157577
157577
158454
157870
188274
157577
157577
157577
182719
158161
157577
157577
157577
157577
157577
182135
158454
157577
157577
157870
157577
157577
212246
158162
157870
157577
157577
157870
157577
157869
158162
157577
184473
167224
157577
157577
157870
157577
157578
191197
158454
157577
157577
157577
157577
157577
200845
175118
158455
158162
157870
159039
158747
169564
159039
158161
158162
157869
157869
157870
157869
157869
157577
157577
157577
157578
157577
157577
158454
157577
157577
157577
157577
157869
157870
158162
158162
169563
157577
157577
157869
157577
157577
157578
157577
157577
157577
158161
157577
157577
157577
158162
157577
157577
157577
158454
157870
157577
157577
158162
157577
157577
157577
169564
157577
157577
157577
158454
157578
157577
157577
158162
157870
157577
157577
159039
157577
157577
157577
158162
157577
157577
157577
157577
157577
157577
157577
157577
157577
157577
157577
157577
157577
157577
157577
157577
157577
157577
157577
157869
157577
157577
157577
157577
158162
157869
157577
157577
158162
157869
157577
157578
158162
157577
157577
157577
157869
157577
157577
157577
158161
157577
157577
157870
166640
157578
157577
157577
160793
157577
157577
157577
158162
157577
157577
157577
157869
157869
157870
157577
157577
157577
157577
157577
157577
157577
157577
157869
157577
157577
157577
157577
157577
157577
157577
157577
157577
158454
157870
157577
157577
158162
157577
157577
157577
158161
157577
157577
157577
177750
158454
158161
158162
158746
157870
157578
157577
158162
157577
157577
157870
158162
157577
157869
157577
168687
157869
157577
157870
158454
157577
157577
157869
157577
157577
182719
157577
157577
157578
180965
157577
157577
157577
197336
157869
157869
191782
186228
244698
171610
158454
157870
159038
157869
157577
157870
159916
157577
157577
157578
161670
157869
157578
157870
161962
157577
157577
157577
160501
157577
157577
157577
161085
157869
157869
157577
158746
157577
157577
157577
157577
157869
157577
157577
157577
157577
157577
157577
157577
157578
157577
157577
157577
157577
157869
157869
157578
157577
157577
157577
157870
157577
157577
157577
157577
160208
157577
157577
157577
159623
172194
158746
158161
159039
157577
157577
157869
158455
157577
157578
157869
158162
157577
157869
157577
158162
157577
157577
157577
158162
157577
157578
157869
157869
157577
157869
157577
157870
157577
157577
157870
158162
157577
157577
157577
170440
157577
157577
157577
158454
157869
157577
157577
157577
157577
157869
157577
157870
157577
157577
157578
157577
157577
157577
157869
157577
157577
157577
157577
157577
157577
157577
157869
157577
159039
157870
157577
157869
158454
157577
157870
157577
158161
157577
157577
157577
158161
157577
157577
157577
158161
157577
157577
157577
158162
157577
157577
157577
158162
157577
157577
157577
158162
157577
157285
157577
159916
157577
157577
157577
157578
157869
157577
157577
157577
157577
157577
157577
157577
157577
157577
157577
157577
157870
157869
157577
157577
158162
157577
157577
157577
158162
157577
157576
157577
158161
157577
157577
157577
158162
157577
157577
157577
158162
157577
157577
177165
164593
158747
158161
157577
196752
158747
157869
157577
159039
157870
157577
157869
158455
157577
157870
157870
158162
157577
157577
157869
159916
157577
180965
157869
158454
157577
157869
157577
158161
157577
157577
157577
158454
157577
157577
157577
158161
157577
180965
157577
164594
158747
158162
157870
158746
157577
157577
157577
158162
157577
157577
157577
157869
157577
157577
157577
158746
157577
157576
157577
158161
157577
157577
157577
158162
157577
157577
157870
164886
158746
157869
157870
160208
157870
157870
157577
157577
157578
157577
157577
157577
157869
157577
157577
157577
157577
157577
157869
157577
157577
157577
157870
157577
157577
157870
157577
157869
157577
157577
157577
157577
157577
157577
157869
157577
157869
157578
157577
157577
159916
157577
157577
157577
162839
157577
157577
157869
159331
157577
157869
157578
161377
157577
157577
157576
162840
157577
157870
157870
159624
157577
157577
157577
159624
159038
158746
158162
157577
157577
167810
157577
157577
157577
158162
157577
157577
157285
157577
157577
157577
157577
157577
157869
157577
157577
157577
158162
157577
157577
157577
157870
157577
157577
157577
182719
157577
157577
157577
158162
157577
157577
157577
158162
157577
157577
157577
158162
157577
157577
157869
158162
157869
157577
157577
159038
157577
157577
157577
158454
157577
157577
157577
157577
157869
157577
157577
157577
158162
157577
157577
157577
167517
157577
157577
157577
157577
157577
157577
157577
157577
158162
157577
157577
157577
158161
157577
157285
157577
157577
157577
157577
157577
157577
157869
157577
157577
157577
158162
157577
157577
157578
157284
157870
157577
157577
157577
158161
157577
157577
157577
157577
159331
158454
157870
157577
157870
157577
157870
157577
159916
157577
157577
157577
158746
157577
157869
157577
157285
157577
157577
157577
157577
160501
157577
157577
157577
166347
157577
157577
157577
157577
157577
157578
157869
157577
161378
157285
157577
157577
159624
157577
157577
157577
157577
157577
157577
157577
157577
159915
157577
157577
157577
159331
157577
157577
157577
157577
158454
157285
157577
157577
170148
158454
158161
157870
159039
157870
157870
157577
157577
157577
