3823947
3752906
3763431
3758753
3762261
3767816
3750860
3759046
3750860
3750860
3751152
3755537
3753491
3752030
3761677
3751737
3766939
3780972
3824240
3771617
3757292
3810792
3859614
3755245
3779510
3774540
3775125
3755538
3756415
3753199
3754368
3754660
3757877
3799682
3776002
3757584
3755538
3758754
3757876
3760800
3754075
3778049
3752614
3767524
3775125
3759338
3866923
3751445
3751445
3750860
3755538
3751153
3750860
3750568
3757876
3774832
3751736
3762261
3751152
3750860
3750860
3754660
3761385
3751737
3759338
3785942
3780972
3758461
3769863
3785357
3777464
3784773
3766062
3754953
3751153
3758168
3750860
3751152
3750860
3756707
3750567
3750860
3755537
3750859
3751445
3751153
3757584
3751152
3751153
3781265
3760215
3755537
3784188
3764600
3755830
3776295
3757292
3779802
3753491
3753784
3780680
3753491
3758461
3756414
3757584
3753491
3753784
3757584
3763138
3753784
3756999
3756122
3883879
3795298
3757292
3790620
3755830
3756707
3762553
3754661
3753783
3759046
3759630
3752030
3752029
3756707
3757876
3757584
3753783
3759630
3753491
3754660
3753199
3761677
3758169
3754076
3752907
3778633
3755245
3754076
3757876
3759338
3763139
3796466
3758168
3759046
3751737
3759046
3751737
3750568
3750860
3754368
3750860
3750860
3750860
3750567
3750860
3750860
3756707
3761092
3750860
3781849
3760799
3756707
3756414
3758754
3754660
3756122
3753783
3761969
3754076
3756999
3753783
3759338
3755537
3752322
3755537
3756415
3755830
3758169
3759338
3754660
3753491
3756123
3755830
3777171
3757292
3760800
3752907
3752030
3754368
3757877
3755538
3755537
3756122
3752321
3752906
3756999
3757584
3753491
3752906
3751737
3753199
3755830
3754368
3759338
3752907
3753783
3752907
3780095
3755245
3753491
3776002
3754661
3753783
3753784
3762554
3756415
3754076
3754076
3757291
3754660
3753783
3758753
3754953
3753198
3754953
3755830
3753784
3879201
3759630
3751444
3750860
3773955
3754661
3750860
3750860
3750860
3756707
3752614
3750567
3754953
3751153
3751153
3750860
3754076
3750567
3750567
3754660
3751445
3751152
3757876
3755830
3750275
3750567
3750860
3754368
3771032
3750860
3754368
3750568
3752321
3750860
3754661
3751152
3795590
3806407
3799682
3797344
3820732
3804360
3804652
3809330
3795590
3775710
3759045
3751445
3758754
3751152
3751444
3750860
3774540
3751445
3764893
3815177
3755538
3751445
3752029
3752322
3750567
3750567
3750860
3757584
3750860
3751153
3765185
3750860
3750860
3751153
3755830
3750859
3750860
3755830
3751152
3752906
3784773
3763139
3762846
3760215
3755537
3762262
3754953
3753199
3766355
3753491
3754076
3753784
3755537
3753199
3752614
3761969
3756123
3755245
3756122
3760215
3754660
3753783
3756414
3758461
3778633
3758169
3769278
3776586
3760216
3758754
3763138
3757876
3754660
3752906
3754076
3755538
3757292
3758168
3753491
3754661
3752906
3762553
3755830
3754368
3759338
3752030
3753199
3754660
3794128
3755830
3801145
3778048
3751444
3751152
3778926
3781264
3750860
3750860
3777464
3780679
3751153
3750860
3780680
3775417
3750275
3750860
3780680
3776294
3751152
3750568
3776587
3776587
3776879
3755830
3778340
3775417
3750275
3791204
3778341
3776294
3769863
3751737
3751153
3751152
3755538
3751152
3750859
3750567
3750860
3751152
3750860
3754953
3750860
3750860
3750276
3754076
3776879
3751445
3757291
3751152
3750860
3750567
3755537
3751153
3751153
3751152
3754660
3751152
3750860
3754660
3750860
3750568
3750860
3757584
3750567
3750568
3754952
3750859
3750860
3750860
3775417
3752322
3750860
3754368
3754953
3750860
3750860
3754660
3750860
3750567
3750567
3754368
3750860
3751152
3750568
3750567
3751152
3750567
3754368
3750860
3751153
3750860
3754953
3750860
3773663
3755245
3750860
3750567
3750275
3756707
3751152
3751152
3750568
3754368
3750567
3750859
3754661
3750860
3750860
3751152
3754660
3750567
3750860
3754953
3750567
3750860
3750859
3754660
3750568
3751153
3756999
3766062
3756123
3762554
3759338
3754075
3757876
3755829
3757292
3753491
3754368
3754075
3756999
3755538
3753783
3760800
3752906
3754660
3755245
3757877
3753783
3752907
3762261
3756707
3752906
3753198
3759046
3760507
3755538
3755245
3763138
3752322
3751152
3759630
3751152
3751444
3750567
3754660
3751152
3751152
3754661
3751152
3750859
3750568
3754953
3751152
3750860
3776002
3755246
3808161
3752907
3761677
3751445
3779218
3751152
3755538
3753783
3777756
3758169
3750860
3761385
3755830
3756122
3750860
3751152
3751445
3755537
3750860
3756414
3757292
3751152
3879202
3753783
3819562
3796759
3756999
3780095
3767524
3763431
3751445
3762847
3751737
3751152
3751153
3756707
3750567
3750567
3757876
3750860
3751445
3751153
3756122
3750568
3750859
3755830
3783311
3768693
3756414
3762554
3766940
3755830
3767524
3759045
3757876
3753784
3754953
3755245
3755537
3754660
3761969
3753198
3752321
3758461
3756122
3756122
3758754
3758753
3752614
3753783
3846751
3760215
3785357
3777171
3758461
3755830
3877740
3882710
3760507
3750860
3782726
3782142
3793835
3750860
3780388
3782142
3751152
3750568
3778633
3782726
3750860
3750568
3784480
3778341
3820440
3751152
3784188
3776002
3815469
3756414
3778341
3776295
3752907
3760800
3751153
3751152
3750860
3755538
3750567
3751152
3757876
3750860
3750860
3750860
3752029
3750567
3750860
3755537
3774541
3762846
3756707
3762262
3764601
3754952
3754661
3756415
3757877
3752030
3756414
3757877
3754953
3757876
3757291
3753783
3752322
3753783
3757291
3754368
3757876
3763431
3755537
3754368
3781557
3763139
3755537
3756707
3776002
3751737
3751445
3776587
3759046
3751152
3858737
3781849
3756707
3757292
3754076
3755245
3752906
3753491
3757584
3759338
3753784
3753491
3757876
3755245
3791204
3756122
3757877
3772494
3760215
3752907
3752614
3754661
3756122
3757876
3753491
3761970
3752906
3758169
3760508
3754076
3758754
3755245
3753783
3754076
3758461
3753198
3756122
3754660
3776294
3757291
3754660
3761677
3758169
3754661
3754368
3756707
3755245
3755537
3760508
3754075
3753783
3754953
3757292
3754953
3753198
3753491
3763138
3753198
3753199
3756122
3753783
3754368
3779510
3760215
3754368
3759630
3764015
3755538
3755538
3754661
3793543
3751737
3751737
3751152
3754952
3751152
3750860
3754076
3750860
3750859
3750860
3754953
3751152
3750568
3750568
3751152
3774833
3750860
3810207
3756415
3750567
3750860
3757291
3750860
3750567
3754952
3750568
3750568
3750567
3759630
3760216
3750860
3750860
3750860
3750860
3750860
3755245
3750860
3750568
3750860
3775125
3753199
3750860
3755538
3756122
3750860
3752029
3752321
3751737
3751152
3750568
3755830
3750859
3831841
3756122
3750860
3751153
3750860
3754953
3750568
3750860
3755246
3751153
3750859
3773371
3755830
3750568
3750860
3750568
3757584
3752906
3752614
3756706
3750567
3750859
3751444
3755245
3752906
3750568
3750568
3750860
3750860
3760507
3760507
3755830
3752029
3754661
3762846
3781264
3751445
3756414
3754076
3750568
3750860
3755245
3751445
3750860
3750860
3750568
3750568
3750860
3755245
3750860
3750860
3750860
3757584
3752029
3751152
3755245
3750860
3751445
3750275
3781265
3757584
3754952
3754952
3763138
3758461
3758168
3756707
3764015
3751737
3751152
3755245
3750860
3750568
3754953
3750860
3750860
3750860
3754368
3750275
3750860
3750860
3754661
3750860
3771032
3754953
3750568
3750860
3751152
3757292
3751152
3750860
3750568
3750567
3750860
3750860
3754660
3750860
3750860
3750276
3754368
3750860
3750568
3757584
3750860
3750568
3750567
3754076
3769863
3751152
3750860
3754368
3751736
3750275
3754953
3750860
3751153
3750860
3754660
3750568
3751152
3754661
3751737
3751737
3751152
3758461
3750275
3750859
3750860
3754660
3750860
3750860
3754076
3751152
3750860
3751152
3754953
3751152
3751445
3750567
3750860
3750567
3750567
3754953
3750860
3750275
3750860
3754660
3750860
3750860
3755537
3750860
3750568
3750568
3754660
3750860
3750568
3780972
3757584
3750568
3750860
3757000
3751152
3750567
3750860
3754075
3750568
3750860
3754076
3750860
3750860
3750860
3753783
3751152
3750860
3751153
3754368
3752614
3751152
3754368
3750860
3772202
3751152
3754661
3750860
3750567
3754075
3750860
3759923
3758461
3771910
3751737
3751152
3756414
3750860
3750275
3750567
3754953
3750859
3750860
3750860
3757292
