58763
54962
54670
55254
55254
54962
55254
54378
55254
54670
54669
55839
55254
54962
54962
54962
54377
54962
55254
54669
54962
55546
54377
54378
54377
54670
55254
54377
54961
54377
54377
55546
54669
54670
54669
54669
54962
54962
54670
54670
54962
54669
55254
54962
55255
55547
54962
54962
54669
54669
54962
54962
54669
54670
54670
54670
54377
55254
55546
55255
54378
54962
55547
54670
55254
54670
54962
55254
54962
54670
54670
55254
54962
55547
54961
54378
54670
54962
54669
54962
54962
54669
54377
54962
54962
54670
54962
54670
54962
54670
54962
54962
55255
55547
55255
55254
55255
54962
54962
54962
54670
55255
54669
54670
55547
54670
54670
55254
54670
54670
55255
54962
54670
55254
55255
54962
54962
54670
54670
54962
54962
54670
55546
55255
54669
54670
55546
55254
54670
54669
55254
54669
54670
54962
55254
54962
54378
54670
55254
55254
54962
54377
54962
54670
54962
54961
54962
54085
54962
54377
55255
55547
54962
54670
54962
54669
54962
54669
54377
55254
54378
54670
54670
54377
55254
54670
54962
55254
54378
55254
54377
54962
54962
54962
54962
55255
55547
55254
55254
54962
55254
54084
54377
55254
55254
54962
54962
55254
55254
55255
54669
54377
54669
54669
55547
54962
54962
54962
54670
54962
54962
54670
54962
54962
54669
54962
54377
54670
55547
54962
54669
54670
54669
54377
54962
54962
54669
54962
54670
55255
58178
58470
54962
54962
54669
54670
54670
54669
55254
57301
54961
54377
55255
54670
54962
54962
57008
54669
54961
54962
54962
55254
55254
55254
54962
54670
55254
54670
56131
55546
54670
54962
55254
54962
54962
54962
54670
54962
54378
54962
54962
54378
54670
54962
54377
55546
54962
54377
54962
54377
54962
55547
54670
55254
54378
54377
55254
54670
54377
54962
54669
54669
54670
55255
55839
55546
55254
55254
54962
54962
54669
54670
54962
54962
54962
55839
54669
54669
54962
54670
55546
54962
54670
54962
54378
55255
54962
54962
54669
55839
54377
54670
54377
54377
54962
65194
55254
54669
54961
54962
54378
55255
54962
54670
54962
54962
55254
54962
55547
54962
54670
54085
54962
54670
54962
54669
54669
55254
54962
54669
54962
54962
54377
54670
55254
54669
55546
54962
54377
54670
54670
54962
54670
54085
55547
54962
54962
54377
55254
54962
54962
54669
54669
54377
54670
54377
54670
54669
55547
55254
54962
54670
54962
54670
55254
54670
54962
54669
54377
56131
54962
54962
54669
54670
54669
54669
55254
54962
54669
55546
55254
54962
54962
54670
55255
54669
54962
54670
54670
54670
54670
55254
54669
55254
54670
54962
54377
54962
54962
54669
55547
55547
54377
54669
55255
55547
54961
55254
54377
54669
55254
55255
54961
54961
54962
54084
54670
54669
54962
54962
55254
54669
54670
54669
54670
55254
55255
54670
54377
55547
54962
56131
55839
55547
54670
54378
54669
54962
54670
54377
55255
55255
54962
55255
55255
54962
54962
54085
54669
54669
54962
54962
55254
54670
54669
54962
54670
54085
54962
54378
55254
54962
54669
55254
54962
54962
54670
54377
54962
54669
54085
54670
54962
54670
55254
54670
57885
55546
55839
55254
54962
55839
54962
61686
54669
55254
54962
55254
56424
55254
55547
55547
54669
54962
55255
54669
54962
54962
54962
54670
55255
55839
54670
54961
55255
55546
54670
54670
55255
54670
54962
54377
56424
55546
55254
55547
54670
54670
55254
54670
55547
54962
55254
55254
54962
54962
57593
54670
54669
54670
55254
54962
54962
54669
54670
55547
58178
55546
54962
55547
58470
57886
55254
57301
85074
54669
54962
55254
54669
54669
54962
55255
54962
55255
54670
57886
55839
54670
55254
54670
54962
54962
55547
54961
54962
55254
54670
54670
55254
54670
54962
55254
54669
55254
54669
54670
54962
54962
55254
54670
54378
55547
55255
54962
54962
54961
54378
54670
55254
55254
54669
55254
54378
54670
54670
54962
54377
54377
55255
54669
54377
55255
54962
54962
54962
54378
55254
54670
54962
54962
54670
54670
55254
54962
55254
54669
54962
54670
54962
54962
55255
54961
55255
55254
54377
54962
54669
54377
54962
54377
54962
54962
54962
54670
54962
54962
55254
54962
54961
55254
54962
54377
54670
71333
55254
54962
54962
54378
55254
54962
54669
54377
54377
54670
55254
54670
55254
54962
54378
54378
54669
54377
55546
54670
54961
54962
54377
54962
54378
54670
54669
55254
54962
54670
54962
54378
55254
54378
54377
54377
55254
54962
54084
54670
54961
54378
55547
55254
54669
55254
54085
54378
54962
54962
54670
55254
54962
54670
55839
54670
54670
54962
54961
55254
54378
55546
54670
54962
54670
54962
54669
55254
54962
54962
54962
54962
54669
54669
55254
54670
55839
55254
54670
54962
54377
54670
54669
56131
54669
54670
54962
54670
54669
54084
54962
55547
54669
54669
55254
54962
55255
54670
54670
54377
55254
54670
54377
54670
55546
54962
54669
54670
54962
55254
54962
54961
54962
54961
54669
54670
54670
54085
54962
54670
54962
54670
54961
55547
55254
54962
54669
54670
55254
54670
54962
54670
55255
54670
54962
54962
54962
54962
55255
54669
54377
54377
54085
54377
54377
55547
55254
55254
55254
55254
54670
54377
54670
54962
54670
55254
54669
55254
54670
54669
54962
54962
54962
54669
54961
54962
54962
55840
54670
55547
54962
54962
54962
54670
54377
54669
54962
54670
54962
55254
55254
54669
54669
55254
55255
54962
54669
54670
54377
54962
57886
54377
55546
54962
54962
54669
54962
55254
54670
54670
54962
54669
54669
54670
54962
55255
54669
55254
54962
54669
54962
54670
55839
55254
54377
54670
54962
54962
55254
55255
55254
54962
54962
59055
54962
54377
54961
54670
55254
54962
54670
54962
54962
54962
54962
55254
55255
54962
54669
54670
55546
54670
54962
55546
54962
55254
54377
55254
54669
54670
54670
54378
54962
54378
54670
54378
54962
54670
54962
54962
54670
54669
54670
55254
55254
54377
54669
55254
54377
54670
55839
55546
54670
54378
54670
54670
54377
54670
55839
54962
54670
54962
54377
54962
55254
54962
54669
54670
54670
55547
55254
54669
55255
54377
54377
54670
54085
54670
54378
55254
55254
54961
54377
54377
54963
54377
54377
54962
54670
55254
54670
54377
54377
54670
54377
54962
54377
54670
54669
54962
64609
55254
54669
54669
55839
54669
54670
54670
54670
54377
55255
55547
54377
54669
54378
54962
54962
54670
54377
54669
54962
55255
54962
54962
54962
55254
