69287
12571
7309
4678
4678
4093
4386
4677
4678
4385
4385
4678
4385
4385
4677
4093
4678
4386
4677
4093
4093
4385
4093
4678
4093
4386
4093
4093
4678
4385
4386
4093
4385
4093
4093
4678
4093
10232
3509
2047
1754
1462
1754
1754
2047
1754
1462
1462
1462
1462
1462
2047
1462
1462
1462
1754
2924
1754
1755
1461
1461
1754
1462
1462
2339
1170
877
877
877
877
585
585
585
585
585
585
877
585
584
584
584
877
877
1170
585
585
584
584
584
585
585
877
585
584
584
585
584
584
584
584
585
877
877
877
585
585
585
585
585
585
585
877
584
585
585
585
584
877
585
585
585
585
585
585
585
585
585
585
585
877
585
584
584
584
584
585
585
585
585
5262
585
585
585
585
585
585
585
585
585
585
585
585
585
585
585
585
585
585
1170
584
584
585
584
584
584
585
877
877
585
585
585
585
584
584
584
584
585
585
585
585
585
584
584
584
585
585
585
584
584
584
585
585
585
585
877
585
585
585
585
585
585
585
584
877
584
585
585
585
585
585
584
585
585
585
585
877
584
585
585
584
584
585
877
584
584
585
584
585
585
584
584
584
585
585
585
585
877
584
585
585
585
584
584
584
585
585
585
585
877
877
585
584
585
584
585
585
585
585
585
584
877
585
584
584
584
584
585
585
585
585
877
585
1170
585
585
585
585
877
585
585
585
585
584
584
584
584
585
585
585
585
585
877
585
584
584
584
585
585
585
585
584
584
584
585
585
877
585
585
585
585
585
585
585
877
584
585
877
585
585
584
584
584
585
585
877
585
585
584
4385
585
585
585
878
1170
585
585
584
584
585
878
584
877
585
584
585
585
585
877
584
584
584
585
585
585
585
585
585
585
585
584
877
585
584
584
584
584
585
585
585
585
584
584
584
584
585
585
585
584
584
584
878
877
584
585
877
1169
585
877
877
584
584
584
877
585
585
585
585
584
584
584
584
585
585
584
585
585
877
585
5847
585
585
585
585
585
585
585
1462
877
585
877
585
585
584
584
584
585
585
585
585
584
584
584
585
585
585
585
584
584
584
585
585
877
877
877
585
585
585
585
585
585
585
584
584
584
585
585
877
877
585
585
585
585
585
585
877
585
585
584
584
585
585
1462
584
584
585
585
877
585
584
584
585
584
584
584
877
584
584
585
877
584
877
584
585
585
585
584
585
584
585
1170
585
585
585
877
585
585
585
585
877
585
585
585
585
585
584
584
584
584
585
585
585
585
585
585
585
585
877
877
585
585
585
585
8771
877
584
584
585
585
585
585
584
584
584
584
585
585
585
585
585
584
585
585
584
585
1170
585
584
292
585
585
585
585
585
585
585
585
877
585
293
585
585
585
292
584
584
585
585
585
585
585
585
292
877
585
584
584
585
585
585
585
585
585
585
584
584
585
585
878
584
877
584
585
585
585
585
585
585
585
585
877
584
584
584
585
584
585
585
877
585
877
585
584
585
585
585
585
585
585
293
585
584
584
584
584
585
585
585
877
585
585
585
584
584
584
584
585
585
585
585
292
584
584
584
585
585
585
585
585
585
292
585
585
585
585
585
877
585
584
584
584
877
585
585
293
585
584
584
584
585
585
585
584
584
584
584
585
585
585
877
877
584
584
877
584
584
1754
585
585
585
585
585
584
877
585
584
584
585
585
585
585
585
585
585
585
585
585
585
585
585
585
877
585
585
877
585
585
585
585
584
584
584
584
584
585
585
585
585
877
585
585
293
585
293
584
584
585
584
584
877
585
585
585
585
585
584
584
584
585
585
585
584
877
585
585
584
585
585
585
585
585
584
584
877
585
584
1170
585
585
585
584
585
585
584
584
584
585
585
585
292
877
585
585
585
585
585
585
585
585
584
584
585
584
877
877
877
585
584
585
584
584
585
585
584
585
585
585
585
585
584
585
585
585
585
584
584
584
585
584
585
585
585
1169
585
585
585
585
585
585
584
585
585
585
585
293
585
585
585
585
585
585
584
584
585
585
585
585
585
585
877
585
585
585
293
585
585
585
584
877
585
585
585
584
585
585
585
585
584
584
585
585
584
584
584
585
585
585
877
585
585
585
584
584
585
585
585
585
585
585
585
584
585
585
585
585
585
584
584
584
585
585
585
585
293
584
877
585
584
292
585
585
585
585
585
585
877
584
585
585
585
585
585
585
585
585
585
292
585
585
585
585
585
878
584
584
584
584
585
585
584
585
585
585
585
584
584
585
585
585
585
585
585
585
293
585
584
584
585
585
585
877
584
877
584
584
585
585
585
585
584
584
584
584
585
585
585
584
585
585
585
585
585
585
585
585
584
584
585
1169
584
585
