18711
14910
14910
14617
14325
14618
14326
14617
14617
14618
14618
14618
14910
14325
14617
14910
14617
14618
14617
14617
14617
14617
14618
15202
15203
18125
15494
14617
14618
14910
14618
14910
14618
14325
14325
14617
14910
14617
14618
15787
14326
14325
14325
14618
14617
14617
14325
15494
14618
14617
14617
14325
14618
14618
14325
14325
14910
14326
14618
14617
14910
14618
14325
14326
14910
14617
14618
14325
14617
14618
14326
14325
14325
14617
14617
14325
14325
14325
14326
14325
14325
14325
14325
14617
14326
14617
14618
14618
14325
14325
14617
14617
14617
14326
14325
14325
14618
14325
14325
14618
14909
14618
14325
14326
14618
14325
14618
14325
14325
14325
14617
14325
14325
14617
14618
14325
14617
14326
14325
14325
14617
14617
14032
14325
16372
15494
14325
14325
14618
14326
14325
14325
14618
14617
14325
14618
14326
14325
14618
14325
14325
14618
14325
14325
14325
14618
14325
14325
14618
14617
14618
14617
14617
14617
14325
14325
14325
15202
14325
14618
14618
14618
14618
14617
14617
14618
14325
28943
10817
9356
9355
9355
9355
9356
9355
9355
9355
9356
9356
9355
9355
9355
9355
9355
9063
9355
9355
9355
9355
9063
9063
9355
9355
9355
9355
9063
9355
9356
9355
9063
9355
9355
9356
9063
9355
9063
9355
9355
9063
9356
9355
9355
9355
9355
9063
9355
9063
9355
9063
9355
9355
9356
9355
9356
9355
9356
9355
9355
9355
9355
9355
9355
9356
9355
9063
9063
9356
9062
9355
9063
9355
9062
9355
9355
9063
9355
9063
9063
9063
9356
9062
9356
9355
9356
9356
9063
9355
9355
9355
9355
9062
9355
9355
9063
9063
9355
9063
9355
9355
9355
9355
9355
9063
9355
9063
9355
9355
9355
9062
9355
9355
9063
9355
9062
9063
9356
9355
9356
9355
9355
9356
9355
9063
9355
9356
9355
9355
9063
9355
9063
9355
9355
9355
9063
9355
9355
9063
9355
9355
9062
9063
9355
9063
9355
9355
9355
9356
9355
9355
9355
9356
9355
9355
9356
9063
9063
9063
9355
9355
9063
9063
9062
9356
9355
9355
9355
9356
9063
9356
9063
9355
9063
9355
9063
9356
9355
9355
9355
9355
9355
9063
9355
9356
9063
9063
9355
9063
9063
9063
9063
9063
9355
9062
9063
9063
9355
9356
9355
9355
9063
9355
9062
9356
9355
9355
9063
9063
9062
9355
9355
9355
9355
9063
9063
9063
9356
9355
9355
9356
9063
9355
9356
9355
9356
9355
9063
9356
9355
9355
9356
9355
9355
9062
9063
9063
9355
9355
9356
9063
9355
9356
9063
9355
9355
9355
9063
9355
9063
9355
9355
9355
9940
9355
9355
9355
9063
9355
9063
9063
9356
9063
9063
9063
9063
9355
9355
9355
9063
9355
9355
9356
9355
9355
9063
9355
9063
9063
9063
9355
9063
9063
9063
9063
9356
9355
9355
9063
9063
9355
9355
9355
9355
9355
9355
9356
9355
9355
9355
9355
9063
9355
9355
9063
9355
9356
9063
9355
9063
9355
9355
9355
9063
9355
9063
9355
9355
9063
9355
9355
9355
9063
9355
9063
9355
9355
9063
9647
9063
9356
9356
9063
9063
9063
9356
9355
9063
9355
9355
9355
9356
9355
9355
9356
9355
9355
9356
9063
9063
9355
9063
9355
9063
9355
9355
9062
9063
9355
9355
9063
9355
9063
9355
9063
9355
9356
9355
9063
9063
9063
9355
9355
9063
9356
9063
9355
9355
9356
9355
9355
9355
9063
9063
9355
9355
9355
9355
9355
9063
9063
9355
9355
9355
9356
9063
9355
9063
9355
9355
9355
9355
9063
9355
9355
9063
9355
9355
9063
9355
9355
9355
9063
9355
9062
9063
9356
9063
9355
9355
9063
9063
9355
9355
9355
9647
9355
9063
9063
9356
9063
9063
9355
9355
9355
9355
9356
9355
9063
9355
9355
9355
9355
9355
9356
9355
9356
9355
9355
9355
9063
9355
9063
9356
9355
9356
9355
9355
9355
9355
9356
9355
9355
9355
9063
9356
9355
9063
9062
9355
9355
9063
9063
9355
9062
9355
9356
9356
9355
9355
9355
9063
9063
9063
9355
9063
9063
9355
9355
9356
9355
9356
9062
9355
9063
9063
9355
9355
9062
9356
9063
9355
9355
9063
9355
9355
9063
9355
9063
9356
9063
9355
9355
9356
9062
9063
9063
9355
9355
9063
9063
9063
9355
9355
9063
9355
9062
9063
9063
9063
9062
9063
9063
9355
9355
9063
9356
9062
9355
9356
9355
9062
9355
9355
9355
9063
9063
9355
9356
9355
9063
9355
9355
9355
9355
9355
9063
9355
9355
9063
9355
9355
9063
9355
9355
9063
9355
9355
9355
9355
9355
9063
9355
9063
9063
9355
9063
9063
9355
9063
9355
9063
9063
9063
9063
9355
9355
9356
9355
9355
9355
9355
9063
9356
9355
9356
9355
9647
9356
9355
9355
9355
9355
9063
9356
9355
9355
9355
9647
9355
9062
9355
9355
9356
9356
9355
9355
9356
9063
9063
9355
9063
9063
9063
9355
9355
9648
9355
9063
9063
9355
9063
9063
9063
9063
9355
9355
9063
9355
9355
9355
9355
9356
9355
9355
9063
9355
9063
9355
9355
9063
9355
9063
9355
9355
9356
9063
9355
9355
9355
9063
9355
9355
9063
9063
9355
9355
9355
9063
9356
9647
9063
9355
9063
9355
9063
9355
9063
9356
9063
9355
9063
9355
9355
9063
9355
9063
9355
9062
9355
9355
9355
9355
9355
9063
9063
9063
9063
9355
9063
9355
9355
9063
9063
9062
9356
9063
9355
9355
9355
9355
9355
9356
9355
9355
9355
9063
9356
9356
9355
9063
9063
9063
9356
9940
9355
9355
9355
9063
9356
9355
9356
9355
9356
9355
9355
9063
9648
9355
9355
9355
9063
9063
9355
9063
9062
9356
9355
9356
9063
9062
9355
9355
9063
9356
9355
9062
9063
9063
9355
9355
9355
9648
9355
9356
9355
9355
9355
9355
9063
9356
9063
9062
9063
9355
9355
9355
9355
9356
9355
9356
9355
9355
9063
9356
9356
9356
9356
9355
9355
9355
9355
9356
9062
9063
9355
9063
9062
9355
9356
9355
9063
9063
9355
9356
9063
9356
9355
9355
9063
9355
9355
9355
9355
9355
9355
9355
9356
9356
9355
9063
9355
9063
9355
9063
9355
9063
9063
9355
9063
9355
9355
