1660552
1641842
1641842
1641257
1642427
1641257
1642719
1646519
1640965
1643303
1640088
1641549
1640088
1640965
1639210
1643888
1638918
1640673
1639211
1640965
1643304
1643011
1645057
1645350
1645935
1642719
1642719
1641842
1640673
1643011
1650905
1642134
1639210
1640672
1637164
1642427
1638334
1642134
1641257
1641841
1638041
1638626
1649443
1683940
1662599
1677801
1647396
1642718
1642134
1662599
1660845
1644473
1655290
1643304
1669907
1648274
1645057
1643011
1643303
1642426
1656752
1638333
1642719
1638042
1638919
1642134
1641257
1652074
1640087
1641257
1639210
1642719
1640380
1642426
1637164
1645935
1638626
1638626
1639795
1639796
1643011
1667276
1650612
1638918
1640380
1642134
1639503
1641549
1650905
1640672
1639210
1642426
1642427
1661722
1641842
1645642
1642719
1655582
1641842
1643012
1647981
1640672
1642134
1637749
1647397
1638919
1640380
1640673
1637749
1641550
1638334
1641549
1641549
1640380
1640965
1640088
1640964
1640380
1642134
1639503
1639502
1641257
1641257
1639210
1638626
1640088
1640087
1640672
1652367
1639210
1641841
1638333
1639796
1638042
1641257
1639211
1638918
1641257
1640965
1641257
1639211
1640965
1645642
1641842
1643596
1640965
1639211
1637749
1640672
1640672
1642134
1640088
1642719
1642426
1639210
1637457
1638626
1646227
1640088
1651781
1699435
1646227
1690664
1643011
1643303
1644766
1642718
1644473
1647104
1643304
1691541
1643596
1655290
1641550
1641257
1643596
1641549
1687741
1644472
1658506
1641842
1659967
1643304
1640673
1645643
1684525
1644180
1695926
1644473
1643011
1642426
1640673
1666106
1716099
1654120
1684818
1641549
1642426
1643888
1640672
1657044
1696512
1642719
1678678
1641842
1647104
1643011
1643596
1646812
1653828
1685987
1681894
1647689
1666984
1643888
1640088
1655289
1643596
1642134
1640672
1729547
1643596
1643011
1643595
1654120
1638333
1640380
1641257
1658798
1643888
1646811
1653243
1645350
1733932
1640964
1645934
1681602
1645935
1643011
1640088
1641549
1642134
1646519
1688618
1639795
1638918
1651489
1640965
1643304
1644473
1641549
1701481
1642426
1683356
1640965
1643595
1641257
1643011
1644181
1692418
1641842
1685110
1643888
1641842
1641257
1641257
1640965
1651782
1651489
1639503
1640964
1640965
1637164
1642134
1645935
1640672
1645934
1639795
1640380
1644473
1639210
1640965
1642719
1650319
1641841
1639503
1644765
1641549
1641257
1642719
1639795
1672831
1639796
1642427
1640672
1638918
1640088
1640088
1645057
1641549
1647981
1710544
1643011
1680140
1645058
1643304
1652074
1645643
1646519
1686279
1645642
1682186
1643595
1645642
1645350
1641841
1642134
1643303
1645642
1693004
1754105
1658506
1654413
1643011
1643889
1643303
1643011
1637456
1647104
1640088
1643011
1638626
1642134
1640088
1638626
1640965
1643011
1641550
1638334
1640380
1643011
1666106
1645642
1651196
1680432
1643011
1645350
1646519
1640965
1643596
1640673
1733347
1682479
1642134
1644473
1641842
1639503
1639796
1645935
1679555
1641257
1680432
1643304
1639502
1643888
1640087
1644180
1680432
1643011
1679847
1640965
1643888
1643303
1647688
1641257
1646227
1685402
1680432
1640672
1642134
1647104
1643304
1640965
1646227
1683064
1642134
1644766
1642719
1648858
1643304
1640672
1670199
1683355
1641550
1681893
1650905
1645057
1643888
1639503
1643012
1645642
1644473
1683063
1649151
1645350
1638918
1645057
1644473
1646227
1683063
1647689
1645057
1643304
1641549
1642719
1641842
1641257
1683940
1650027
1681893
1640380
1637749
1641550
1640088
1641550
1687156
1643595
1678093
1639211
1642719
1641257
1641842
1639503
1644181
1681309
1676339
1643304
1639796
1642426
1639796
1647689
1641257
1690956
1644473
1642719
1640965
1642134
1645643
1642427
1641549
1681893
1645350
1678678
1642427
1645642
1646519
1643011
1644766
1645057
1641549
1678093
1644766
1646811
1643303
1643011
1644765
1644473
1684232
1642719
1643011
1652074
1641550
1641842
1641550
1641257
1687449
1693587
1662891
1645934
1642134
1640672
1643888
1641549
1638919
1642134
1736563
1647981
1640965
1642719
1640380
1660553
1646227
1713176
1688910
1641841
1643596
1645642
1645350
1643304
1638333
1686863
1640965
1679847
1639503
1640088
1644473
1639503
1647689
1680725
1642134
1644181
1643012
1642719
1644473
1652951
1644765
1641842
1642134
1639503
1637456
1641257
1641257
1644180
1640672
1641257
1641842
1640380
1638333
1641549
1645935
1640380
1638041
1639503
1643303
1641550
1643303
1642134
1643888
1639211
1639796
1674585
1700897
1656167
1682771
1652659
1645058
1647981
1645349
1645350
1646520
1684233
1677509
1650904
1641257
1640965
1729840
1642426
1638626
1639796
1646227
1642719
1642427
1640087
1637749
1640672
1641841
1641842
1638918
1642134
1640088
1636872
1639795
1638625
1637164
1642719
1639795
1639795
1652074
1645643
1639503
1639210
1643303
1639503
1641257
1640673
1643011
1639211
1641549
1640965
1646227
1646811
1693588
1641550
1680724
1645642
1641549
1641257
1642134
1643303
1640380
1646519
1681894
1643596
1643888
1645058
1643889
1644181
1647981
1684817
1647981
1646227
1648273
1649443
1644180
1644473
1640672
1686572
1644473
1746795
1651197
1643012
1644180
1643304
1808189
1682771
1650612
1685986
1640672
1642427
1642134
1643889
1639211
1643304
1678970
1683648
1639503
1643011
1642719
1640672
1668445
1641842
1692418
1639210
1641842
1641841
1640380
1643596
1639795
1642134
1678385
1639795
1678093
1640380
1642719
1640380
1640964
1650905
1641549
1644473
1678970
1646519
1643303
1643596
1647981
1641257
1645058
1680724
1681017
1646811
1644765
1641257
1647981
1643304
1653244
1685109
1640672
1645643
1638919
1665522
1642134
1643596
1647688
1680432
1641842
1708205
1646227
1649735
1643303
1643011
1670199
1646812
1697096
1681309
1647981
1646227
1641257
1640087
1641549
1640965
1683647
1640380
1641550
1643303
1640087
1640672
1639795
1644766
1678970
1646519
1704112
1643596
1643303
1643011
1643011
1644472
1645350
1643596
1773107
1640965
1641550
1641842
1641841
1643011
1645058
1684818
1678094
1640965
1640380
1643888
1642719
1742410
1643011
1683940
1643011
1645934
1643011
1644472
1644765
1698850
1671954
1643303
1640965
1658798
1641842
1640965
1655875
1642427
1643011
1637749
1638334
1702358
1643888
1644765
1652074
1640673
1639503
1644181
1640087
1643596
1640965
1644473
1638334
1640965
1643012
1639503
1641842
1639211
1637457
1646227
1641842
1638626
1638041
1641549
1639210
1641550
1645642
1644472
1640380
1638334
1640965
1640965
1641842
1642426
1646520
1641550
1640965
1642134
1640087
1662891
1641257
1644181
1642134
1640965
1642719
1639503
1644765
1638042
1641549
1644473
1642719
1643596
1638041
1637456
1638625
1639210
1650027
1639503
1643596
1638918
1643011
1643596
1639211
1641257
1644765
1641842
1638626
1640088
1643011
1638334
1641549
1645349
1638626
1641842
1642426
1647104
1647104
1641257
1642134
1639503
1642719
1637748
1640672
1642426
1643596
1642134
1647689
1642427
1640088
1659675
1640965
1638918
1638626
1639211
1639796
1641549
1639503
1640380
1639503
1642134
1638918
1644473
1640965
1639795
1642718
1638918
1639210
1640380
1639795
1641842
1642426
1641842
1641257
1640672
1641842
1642426
1645058
1641842
1637164
1639502
1641842
1643011
1640380
1639210
1639795
1640088
1638333
1641842
1639503
1640965
1638918
1646227
1638626
1639211
1640964
1637165
1640380
1642427
1641842
1659383
1640088
1641842
1638626
1638334
1639503
1639503
1643011
1642719
1640087
1640380
1640379
1640965
1645058
1641549
1640087
1643011
1640088
1640672
1639211
1638334
1641550
1644765
1638626
1641257
1640380
1640380
1640672
1641841
1639503
1640672
1640672
1638334
1640965
1642134
1643011
1638918
1643303
1640672
1638041
1640965
1635994
1643596
1638041
1640088
1642134
1639503
1641841
1637456
1638626
1657921
1639210
1646811
1640380
1640965
1639211
1642719
1638626
1636579
1641257
1640672
1639503
1638334
1642426
1642134
1636872
1637457
1644181
1641549
1639795
1643011
1639796
1640088
1637748
1639795
1640087
1638041
1640964
1638334
1639795
1638334
1639210
1642718
1640673
1638918
1638919
1639211
1638918
1640673
1637749
1642134
1637456
1640964
1639503
1639503
1643596
1640087
1646227
1638919
1637749
1660552
1641842
1640965
1637164
1639795
1642719
1639210
1639503
1638918
1643011
1639210
1637749
