75134
72211
71626
71918
71334
71626
71041
71918
71918
72503
71918
71919
71626
71626
72796
71626
71918
71919
71625
71626
71626
71626
71626
71625
71626
71333
71333
71333
71041
71626
71626
71334
71333
71626
71333
71041
71918
71041
71041
71626
71626
71626
71333
73087
71626
71626
71626
71625
71041
71626
71041
71918
71334
71333
71334
71334
71625
71334
71333
71333
71626
71625
71626
71333
71626
72211
71334
71333
71626
71333
71333
71626
71626
71333
71626
71918
71626
71626
71626
72211
71626
71626
71334
71919
71333
71042
71626
70749
71626
71626
71334
71626
71041
71333
71334
71626
71626
71626
71626
71626
71334
82443
71626
71334
71626
71626
71334
71625
72211
71334
71626
71334
71626
71333
71626
71626
71626
71333
71626
71333
71626
71334
71626
71625
71626
72210
71334
71333
71334
71333
71041
71333
71334
70749
71334
71333
71334
71918
71626
71041
71333
71626
71334
71333
71918
71626
71918
71626
71333
71626
71334
71626
71626
71626
71333
71626
71625
71626
71626
71626
71042
71626
71334
71333
70749
71334
72211
71919
71626
71041
71334
71626
71626
72211
71626
71041
71041
70749
71333
71334
71626
71333
71626
71041
71626
71041
71626
71626
71626
71626
71626
71334
71626
71918
71334
71333
71626
71626
71333
71626
71334
71334
72211
71333
71334
71334
71041
71626
71333
83905
71626
71334
71334
71333
71626
71041
71333
71626
71626
71918
71918
71333
71626
71334
71918
71626
71626
71041
71626
71334
71626
71334
71626
71334
71626
71333
71333
71626
71626
71041
71333
71626
71334
71334
71626
95890
71626
71626
71333
71334
71333
72211
72211
71334
71333
71626
71626
71333
71626
71041
71333
71626
71918
71626
71334
71334
71626
71626
71333
71334
71333
71333
72211
71626
73672
71626
71333
71918
71333
71626
71334
72210
71626
71626
71334
71626
71626
71625
72211
71333
71042
71333
71626
71626
71626
72211
71626
71334
71334
71626
71626
71626
71626
71626
71919
71626
71626
71626
71626
71626
71334
71626
71333
71626
71626
71334
71333
73965
71919
71334
71334
71919
71918
71918
72211
72503
71041
71041
71334
71626
71334
71334
71334
71626
71626
71918
71626
71626
71333
71334
71918
71333
71333
71626
71041
71626
71333
71041
71333
71919
71918
71334
70749
71626
71918
71626
71626
72210
71626
71626
71918
71042
71626
71626
72796
71626
71626
71334
71334
71625
71333
71626
71333
71626
71626
71042
71918
71334
71334
71333
71041
71626
71334
71626
71626
71333
71918
71041
71626
71334
71626
71626
71918
71626
71041
71626
71919
71626
71041
71626
71333
71626
71626
71919
71334
71333
71626
71918
71626
71626
71918
71919
71625
71041
71333
71625
71626
71334
70749
71919
71918
71334
82150
71334
71918
71334
71625
71041
71334
71626
71919
71919
71333
71626
71334
71626
71333
71626
71333
71334
71626
71626
71626
71334
71626
71626
71334
71626
71333
71918
71042
71334
71334
71626
71626
71334
71626
71334
71918
71333
71626
71626
71333
71334
71626
72210
71626
71626
71625
71042
71333
71626
71919
71333
71333
71333
71626
71626
71334
71626
71626
71042
71626
71625
71626
71334
70749
71918
71041
71626
71041
71333
71041
71626
72211
71626
71626
71334
71626
71334
71626
71625
71334
71334
71626
71042
71626
71334
71334
71334
71333
71333
71042
71334
71919
71333
71626
71625
71334
71625
71333
71334
71626
72210
71333
71626
71626
71918
71334
71334
80105
71626
71041
71626
71625
71626
71041
71626
71625
71334
71626
71626
71919
71334
71333
71041
71333
71626
71333
71626
71334
71626
72211
71334
71626
71626
71626
71334
71334
72211
71626
71334
71626
71333
71334
71625
71918
71626
71626
71626
71333
71626
71041
71626
71042
71626
71334
71626
71626
71334
71041
71041
71333
71333
71626
71333
71334
71626
71919
71626
70749
71334
71334
71333
71626
71626
70749
71041
71333
71334
71333
71626
71626
71626
71626
71041
71333
71334
71626
71333
71626
71626
71333
71334
71626
71333
71626
71334
71334
71041
71334
71041
71334
70749
71919
71918
71334
71333
71333
71626
71626
72210
71626
71626
71626
71626
71626
71626
71042
71334
71626
71626
71334
71334
71041
71333
71919
71334
71041
71041
71626
71334
70749
71918
71334
71334
71333
71626
71626
71333
71626
71334
71626
71334
71626
71334
71626
71626
71626
71626
71626
71334
71334
71333
71042
71626
71334
71041
71625
71918
71626
71334
71918
71333
79812
72210
72210
72503
72503
72211
72503
72211
72503
71626
71626
71333
71041
71334
71333
71625
71334
71918
71626
72211
71333
71334
71626
71919
71333
71626
72211
71333
71626
71334
71333
71334
71334
71626
71626
71333
71918
71918
71041
71334
71041
71334
71334
71334
71333
71626
71333
72211
71626
71626
71334
71333
71334
71918
71626
71626
71333
71334
71334
71333
71334
71334
80688
71626
71626
71334
71626
71626
71626
71626
71334
71041
71334
71626
71334
73965
72795
71334
71041
71626
71334
71626
71041
71041
71626
71626
71626
71626
71626
71918
71626
72211
71919
71334
71626
71626
71626
71626
71333
71626
71333
71626
71333
71626
71626
71919
71626
71626
71334
71626
71626
71334
71042
71918
71334
71625
71333
71334
71626
71334
71334
71333
71334
71334
72211
71625
71333
72211
71626
71626
71626
71333
71918
71626
72503
71334
71918
71334
71333
71918
71626
71626
71626
71626
71333
71626
71333
71626
71334
71333
71334
71334
71334
71333
71334
71626
71333
71625
71334
71334
71626
71626
71918
72210
71626
71626
71626
71626
71626
71333
71626
71626
71333
71334
71334
71333
71918
71626
71626
71334
71041
71334
71333
71626
71041
71333
71334
71333
71626
71626
71041
71334
71918
71334
71626
71626
71918
71626
71334
72211
71333
71626
71626
71626
71333
71626
72211
72210
71626
71334
71626
71918
71626
71041
70749
71334
71334
71333
71919
71626
71626
71626
71626
71919
71333
71333
71334
71334
71919
71626
71626
71333
71041
71333
71041
71919
71626
71626
71333
71918
71334
71334
71334
71334
71918
71334
71333
71626
71334
71333
71919
71334
71334
71041
71626
71626
71626
71626
71334
71626
71626
71334
71334
71041
71918
71626
71626
71626
71626
71333
71626
72211
71334
71333
71626
71042
71626
71626
71334
72503
71626
71626
71333
71334
71626
71626
71626
71625
71626
71626
71333
71626
71918
71333
71334
71626
71334
71333
71333
71334
71626
71626
71334
71626
71334
71041
71041
71626
71333
71334
71041
71333
71334
71626
71334
71334
