230957
227449
228033
228326
227742
227156
228033
227156
226572
227449
226572
228034
227741
227449
227449
227449
228034
227741
227449
228326
228034
227449
227449
237096
227156
227157
228326
226572
226864
227449
227741
228034
226280
227741
228619
227156
226571
227449
227742
227741
226279
227156
227741
226865
226864
227741
227156
226279
228034
228033
226864
228034
227742
226572
227156
226572
228910
228034
226864
228033
228033
227448
228034
227449
227157
228033
227742
228033
228033
227156
236804
228326
227741
227449
227741
228033
227157
227157
228033
225987
227157
227449
227449
227449
227156
226864
228618
227741
227449
227156
226864
227157
227448
228034
227741
228034
227157
227157
228034
227157
227157
227157
227157
227449
227157
227741
228034
228326
228326
228033
228034
226864
228619
227449
227157
227156
227449
227448
227741
227741
227449
227156
227157
228034
226864
226864
227449
227156
226864
227157
228034
228618
227449
227449
228034
226572
226280
227449
228034
227742
227449
227449
226864
226572
226572
228326
227156
228034
227449
226572
227157
228326
226572
228033
228325
227742
228033
230372
229787
227741
228033
227157
228618
226864
226572
227157
227156
234465
228034
227156
226864
228033
228034
228619
227157
226280
228033
227157
228618
227741
226571
226864
227157
226572
228034
228034
228033
240313
227449
228033
227741
228910
227741
227741
227157
227742
228326
227741
226571
228326
227449
227741
228033
226864
227449
227741
226571
226864
228326
226864
238266
227157
227741
229495
228034
226572
228618
226865
226865
227157
227157
227156
227449
227449
228618
227741
227449
227741
228326
226864
227449
227741
227741
227742
227449
228034
227449
226865
228910
228034
227449
252007
228325
227449
227449
226864
227157
227157
227449
228034
226572
227742
228618
227449
227742
227449
228326
227741
227741
227156
227156
226864
227741
228910
227156
227449
227741
228326
227449
226572
227157
227449
228034
227449
227157
227157
227742
228033
227448
227157
238266
227449
227156
227448
227448
227157
228034
226864
228618
228034
227741
228618
228033
228326
227741
227741
227449
227157
227156
227449
228033
227449
227157
227449
227449
228619
227157
226864
227742
226280
227448
227449
228326
230957
228618
228033
228034
227741
227156
227449
227156
227449
226279
226864
227156
227449
227156
236512
227157
227449
227742
227156
227741
228033
227449
227156
227449
228619
227741
227449
227742
226865
227449
227157
228034
228910
227156
227156
227156
227449
226572
226864
227741
227741
227449
227156
227156
227157
228326
226280
228034
228034
227448
229496
227741
227449
227741
226864
227156
228034
228326
227157
227156
226572
227448
227157
226865
227157
227741
227448
228033
227449
227157
227741
226864
227156
228326
227156
228033
227448
227741
227157
227449
227741
227741
227449
227741
226572
227448
227448
228033
228034
228618
227157
227156
227448
227157
226865
228033
227449
227449
226864
228034
227157
226572
226572
227449
227157
227449
228034
227449
227741
228034
228033
227741
227449
227157
227449
227156
226864
227157
226571
226865
228326
228034
227157
228034
228618
227449
227157
227741
228618
227449
227449
237389
227741
228326
227741
226864
228325
228618
227449
227449
227741
227742
227449
226864
228034
227449
226572
227741
227449
227157
227742
227741
228326
229203
227157
226280
228034
227741
226864
227449
228618
227156
228033
226865
227741
227449
226864
227157
227742
226864
228618
227741
226865
227449
228033
226864
226280
227157
227157
227741
226864
227448
227741
227449
227157
228033
227157
226572
227449
228033
228034
227449
226572
227449
227448
226279
228033
227742
227449
227742
227449
236220
227156
227449
228911
227157
226572
227157
225988
227156
226864
227449
227157
227449
226864
228326
228033
226864
228033
228326
227449
228033
228034
227157
226572
227449
227156
228326
227157
227742
228618
227449
227156
226572
228326
227157
227741
227449
227449
227741
252299
227741
227156
227156
227448
227156
227156
226864
227741
227741
227449
226864
227156
228034
227741
227449
229203
228619
227449
227742
226864
227741
226864
226864
227742
228033
226864
227157
227742
227742
227741
238558
227449
226571
228034
226572
226864
226864
227449
227741
228326
227449
227742
226571
226864
227449
228033
227156
226864
227741
227449
226279
226572
227741
227449
228033
227157
228034
227449
226572
227741
228034
227741
227156
227449
226572
226572
228034
227449
228619
227741
227157
227157
228034
226865
228034
228034
227741
237389
227156
227156
228326
226864
227449
227449
226571
227449
228033
227157
227741
226571
228034
228326
226864
226864
226864
227156
227448
227156
227449
228034
226864
227157
227741
226280
226864
228034
226572
226572
227157
227156
227742
226572
227742
227742
227157
227157
227741
227448
227156
227157
227741
227157
227157
226864
237681
227449
227156
228326
227741
227156
227156
227741
227156
227156
227741
228910
227741
226572
228326
227741
227741
228326
227741
246744
226864
230372
270716
243821
226572
227157
227741
227156
228326
227449
227156
256684
228910
227449
228910
228033
229203
233880
227741
228033
228034
227157
228326
228618
227157
227156
228034
227157
231250
228034
227449
230372
226572
227449
229496
226864
227741
230080
228326
228034
227448
227157
259315
228033
228034
227157
228326
227157
231250
227156
228618
227449
228325
227156
227449
227741
227449
226864
227741
226864
227449
228326
227449
227156
227449
226572
227157
227741
227742
227449
227741
226864
237681
227156
227449
227157
227742
227157
227742
227741
228033
227156
228326
227741
227156
227449
227741
227448
227449
227156
228033
228033
227741
227741
227741
227449
227449
228910
227157
226572
228034
227156
227156
226864
227741
227741
226572
227157
227741
227449
226864
228325
228326
228034
226280
226280
227449
227448
226864
237096
227449
227449
228326
227157
226864
228034
227449
227157
228326
227157
226865
227156
226864
227741
227741
226865
228326
227156
227449
226864
227157
227448
228033
227156
227449
227156
227741
227741
226572
227449
228619
227156
228326
227741
227157
228326
227156
227741
228033
227449
227157
227449
227156
228034
227156
227741
227449
227449
227741
228326
227157
228033
228326
227157
227157
228326
227742
226864
226280
228034
228910
226864
227741
228325
226864
226865
227157
227156
227156
227449
226864
227156
226864
227157
228910
227156
227742
226864
226864
226572
227448
227449
227741
227448
226865
227741
227448
226864
228034
228033
227449
228326
227156
227449
227449
226571
227449
227741
227741
227741
227156
227449
228034
227156
227741
228618
226572
227449
228034
226864
227742
227741
228033
228326
227156
227449
239435
226864
227156
227741
226865
226864
225987
228034
227449
226865
227449
227741
227742
227157
227449
228034
227741
226864
227449
227448
227449
226572
227449
227156
226572
227741
227741
227156
227449
228034
227157
227449
229203
229203
227156
227448
226864
227742
226864
227157
227741
227741
226864
227449
228033
227449
225987
229495
228326
227449
228326
226864
227741
227448
226279
228326
227156
226864
228033
227448
226279
227157
227449
228618
227157
226864
