8770
3509
3508
5847
3216
3216
7893
4677
3216
3216
3801
3216
3216
14033
6139
3508
3509
3508
3215
3800
3801
3215
3215
2923
3800
3216
3215
3216
2924
3216
3508
3508
3216
3508
3508
3508
3508
3216
3508
3216
4677
42391
1754
1754
1462
1462
1462
2339
1461
1461
1461
1461
1754
1461
1754
1462
1462
1462
1462
1462
1462
1461
1461
1461
1461
2339
877
877
585
1462
877
585
585
585
877
1169
585
877
877
585
877
877
877
877
877
585
585
877
877
877
877
585
584
584
584
585
1170
585
877
877
585
877
877
585
585
585
585
585
585
585
584
584
877
877
877
584
584
585
585
585
585
585
877
877
1462
877
877
877
585
585
584
877
1169
584
584
878
877
877
584
585
585
585
585
585
877
877
877
585
585
585
584
877
5847
877
585
877
585
585
584
584
585
877
877
585
585
877
585
585
585
585
584
584
585
585
584
584
584
878
877
1169
585
585
585
585
877
585
585
585
585
1169
878
877
877
584
585
585
585
585
585
585
877
877
877
585
585
584
877
877
585
877
585
585
585
585
877
585
584
584
584
584
585
585
585
584
585
585
585
585
585
585
585
585
585
585
585
1169
877
877
877
877
877
585
585
585
585
585
1169
877
584
584
584
585
585
585
585
877
584
877
584
877
585
877
1170
877
585
585
585
584
877
585
585
585
877
585
877
877
585
877
877
877
877
585
585
584
584
584
585
585
877
877
877
877
584
585
584
877
877
877
585
4093
585
585
584
3800
585
585
585
585
585
585
877
585
877
585
877
585
585
584
877
585
877
585
585
585
585
585
585
585
584
584
585
585
584
585
585
585
877
584
585
585
585
585
585
877
585
878
877
584
585
585
584
585
585
877
585
585
585
585
585
585
877
585
585
584
584
584
585
585
877
585
585
585
585
585
585
585
584
584
585
585
584
584
585
585
584
584
585
585
584
584
585
877
584
585
585
585
584
585
585
585
877
877
584
585
585
585
584
585
585
585
585
584
585
585
584
584
585
1169
585
585
585
585
585
585
585
585
585
585
877
585
584
585
585
585
584
585
585
585
585
585
585
585
877
585
585
585
584
584
584
585
585
585
585
585
877
584
877
584
877
585
585
584
584
585
585
585
585
584
585
585
585
584
877
585
877
585
585
585
585
585
584
585
585
584
877
585
7309
877
585
584
584
584
585
584
584
585
584
584
585
585
584
585
585
585
585
585
585
585
585
585
585
1169
584
585
293
584
585
585
585
585
585
585
293
585
585
585
585
584
585
585
584
585
585
584
292
585
584
584
585
877
585
584
585
585
585
585
585
585
292
585
585
585
584
585
585
584
585
585
585
585
585
585
292
584
292
584
585
877
585
584
584
585
585
585
292
585
585
584
585
585
584
584
585
585
584
584
585
585
293
585
585
585
585
585
584
1170
584
585
585
877
584
585
585
584
585
585
585
585
585
584
585
585
584
585
585
584
584
585
585
584
585
585
877
585
292
585
585
585
585
585
584
293
585
584
585
585
585
585
585
585
585
585
585
585
585
585
585
585
585
585
878
585
585
584
585
584
585
585
584
585
585
584
585
585
584
585
585
584
585
585
584
585
585
585
585
585
585
585
877
585
585
585
585
585
585
585
585
585
585
585
585
877
585
584
584
585
585
584
585
585
585
585
585
292
585
877
585
585
585
585
585
585
585
585
585
585
585
585
585
585
585
585
585
584
585
585
585
585
585
585
585
585
585
585
585
585
585
585
585
585
585
292
585
293
584
584
292
585
584
584
585
585
584
584
585
585
585
585
585
585
585
877
585
584
584
585
585
584
585
585
584
585
585
293
585
292
585
585
292
585
585
585
292
585
584
585
585
584
877
585
585
584
585
585
585
584
585
585
584
585
585
584
584
585
584
585
584
585
585
585
585
293
585
585
585
584
585
585
585
877
585
584
585
584
584
292
585
584
585
584
584
585
585
584
585
293
584
585
585
585
585
585
585
585
877
585
584
585
585
584
585
585
584
585
585
585
292
585
585
584
585
585
585
585
585
585
585
585
585
585
585
877
585
585
293
584
585
585
585
585
585
584
585
585
584
585
585
292
585
585
585
584
585
585
584
585
584
584
585
877
585
585
292
585
585
292
585
585
584
293
585
584
585
292
584
585
584
585
1170
585
584
584
585
293
584
584
585
1462
585
585
584
585
585
585
585
585
585
585
585
585
585
585
585
585
585
585
585
585
585
585
585
585
585
585
877
585
584
584
585
584
584
585
584
584
585
584
585
585
584
292
585
584
292
585
585
585
585
585
585
585
584
585
877
585
585
585
585
292
585
585
584
585
585
584
585
584
585
585
584
585
