42975
40929
36251
34497
33620
32158
31281
30697
30404
30405
30112
30405
29528
29527
29235
28942
29236
35375
28943
29527
28651
29235
28650
29235
28651
35082
28942
28066
28943
28650
42390
39759
36251
34498
39760
32451
30697
31574
31282
31866
31281
30405
38298
29820
29820
29820
29527
29527
29819
29235
29527
30404
37129
28942
29235
30989
30112
29527
30112
34790
29528
28358
28358
28358
28358
28650
28943
28358
28358
27480
28066
27774
28358
27773
27774
28358
28943
28358
28650
28358
27773
28358
28358
28066
28651
28943
28943
28066
44145
38005
36252
34790
33328
32451
32158
31281
31281
30697
30697
30112
30112
29527
29528
29235
29527
28943
33328
29235
29235
28943
29235
28651
28359
28358
28650
29235
28358
28650
28943
53792
76011
38591
39759
31574
29820
29820
29235
28650
27774
26896
26311
26019
26312
50285
28066
27188
26019
26312
26311
25727
26019
25435
24850
25143
25142
24850
24849
25142
24265
25142
24850
24557
24850
23973
24557
24558
24265
26019
24265
23681
23972
23973
23972
24558
24265
23681
24557
24850
24265
23973
23680
23972
23973
23973
24265
23972
24265
23681
23680
23973
23681
23681
23388
23973
23973
26603
23973
23388
24265
23681
24265
23680
23389
23095
23096
23096
23388
23095
23681
23096
23681
23972
23388
23388
25727
23973
24265
23972
24265
23680
23388
23388
23388
23972
23388
23681
23095
23973
24265
23681
23680
23388
23973
26896
23681
23681
23680
22803
23096
23388
23681
23388
23388
23096
23388
25142
23973
24265
23680
23096
23096
23388
23973
23680
23680
23388
23972
23973
23681
24265
23680
24558
24557
24265
23680
23681
23680
23388
23681
23680
26311
23681
23096
23681
23973
23680
23680
23096
24265
24557
23681
24265
23973
23388
23096
23388
23388
23095
22803
23095
23096
24850
24557
24265
23680
23972
23973
23388
24265
24265
23388
23388
23681
23680
23388
23680
23388
23972
23972
23388
24266
23680
23973
23973
23972
23973
24265
23681
23388
23388
23681
23388
23095
22803
23096
23973
23388
23973
23680
23973
23973
23680
23680
23680
23096
23095
23389
23680
23095
23388
23096
23388
23973
23681
23680
26604
23973
24265
24265
23973
23973
23681
23388
23681
23972
23973
23681
23389
23973
23973
23680
23973
23681
23388
26019
23972
23680
23388
23389
23096
23680
23680
23680
23388
23095
23388
23681
23388
23096
23388
23096
22804
23096
23973
23681
23680
23096
23680
23973
23972
23973
23388
23973
24558
24266
24266
23680
23388
23096
23388
23388
23680
24558
23680
23681
23681
23680
23389
23096
23681
23680
23680
23680
23681
23388
23388
23388
23096
23388
23680
25142
23680
24265
23096
23388
22803
23388
23388
23095
23388
23389
23096
22511
23095
23096
23388
23388
22804
23096
26604
23681
23973
23680
23973
24265
23973
23681
23973
25727
23388
23681
23680
23973
23972
23388
23973
23680
23681
23973
23680
23973
24265
23973
23681
23973
23389
23388
36252
24265
23680
23681
23096
23388
23973
23681
23388
23096
23387
23096
23096
23388
23096
23096
22804
22803
23096
23096
23388
22803
23096
23681
23388
23388
23096
22804
22804
23388
23096
23388
23096
23095
23388
23388
23388
23388
23095
23388
23680
23681
23972
23388
23096
23095
23096
23388
23389
23095
22804
23388
23680
23388
23681
23095
23388
23680
23388
23388
23096
22804
22511
22803
23096
23096
22803
23095
23388
23681
23096
23388
22803
23681
23681
23388
23973
23681
23095
23095
23388
23681
23388
23096
22803
23388
23973
23388
23096
23096
22803
23681
24265
23680
24557
22803
22511
23096
22803
22803
23096
22804
23681
23681
23680
23680
23096
23680
23973
23681
23973
23389
23096
24265
23388
23096
23096
23096
22804
23680
24265
23973
23680
23096
23681
23972
23388
23681
23388
22803
22803
23096
24265
23095
22804
22511
23681
23680
24265
23681
23096
37128
23973
23680
23972
23388
23096
23096
23388
23388
23096
23388
23096
23680
24265
23388
23388
23388
23680
23680
23973
23680
23681
23388
23095
23680
23388
23388
23388
23096
23972
23681
23973
23681
23388
23388
23388
23388
23389
23388
23096
22804
23388
23680
23680
23681
23096
23388
23388
23680
23680
23680
23680
23096
23096
23096
23096
23095
23096
23681
23973
23388
23388
23096
23388
23680
23096
23388
23388
22511
22804
22803
22511
22511
22219
22511
22803
23680
23680
23681
23096
23388
23388
23680
23681
23681
22803
23096
23096
23388
23388
23096
22803
23388
23388
23388
23388
23096
23388
23681
23681
23388
23388
22803
23096
23095
23388
23096
22803
23096
23680
23973
23389
23388
25727
23680
23681
23680
23388
23388
22803
22511
22804
22803
23388
23096
22511
22804
23388
22803
23388
22803
23388
27481
23680
23096
23388
23096
23096
23388
23680
23388
23681
23681
23973
23388
23388
23388
23096
23388
23388
23388
23680
23388
22804
23681
23095
23388
23388
23095
22804
23388
23681
23388
23388
23096
23388
23096
22803
22803
24850
22511
22803
22803
23095
23096
23096
22804
23388
23680
23096
23388
23096
23096
23095
23095
23388
23095
23095
25142
23388
23096
23680
23681
23680
23973
23973
23680
23681
23681
23681
23388
23388
23096
23388
22804
23096
23388
26896
23681
23680
22804
23388
23973
23680
23388
23388
22804
22804
23096
23388
23388
23388
23096
23681
23681
23681
26896
23972
23973
23973
23973
23681
24265
23388
23095
23388
23388
23388
23388
22804
23680
23973
23096
23388
23096
23973
23973
23973
23973
23680
23388
23095
23096
23096
23388
23681
23096
23681
23972
23680
23680
23388
23973
24265
25142
24850
24265
23973
24558
24265
24558
24265
24557
23680
24557
24850
24265
24850
23973
23973
23973
23973
23973
24266
23388
23096
23680
23680
23388
23096
23096
23973
23680
23680
23680
23681
23388
23681
23680
23681
23680
23388
23096
23388
23681
23388
23681
23388
23681
23681
24557
23972
39760
34498
31282
30405
29235
27774
29235
27189
26019
25435
25434
25727
25727
25434
25143
25434
25727
25142
24850
24850
24850
24850
24558
24849
25142
24558
24265
24558
24558
24265
24557
23972
24557
25434
25727
25142
24558
24266
24266
24265
24850
24557
24265
24558
24850
25142
24558
24850
24265
24557
24557
24557
24558
24557
23681
23972
23972
23973
23973
24265
23681
24558
25142
23973
24265
23681
23973
23973
24265
24265
23681
23388
23096
23388
23680
23388
23681
23388
23972
23972
23973
24850
23388
23680
23973
23681
23972
23680
22804
23096
