89752
31281
17248
13448
13448
13448
14325
13741
13448
13449
14618
13740
14033
23388
13741
12279
11694
11109
10817
11987
11402
10817
11109
11401
11986
9355
5554
1754
1170
1169
1169
877
1169
1170
1170
1169
1170
1169
877
2339
1755
1170
1169
1170
1169
1169
1169
876
1169
1170
1169
1169
1754
1169
1170
1462
1169
1169
1169
877
1169
1170
1169
877
1169
1169
1169
1170
877
1170
1169
1461
877
1169
4970
1169
1170
1169
1170
1169
877
1169
1170
1169
2047
1170
1169
1170
3508
1169
1169
1169
1170
1169
877
1169
1170
1169
1170
1170
877
1170
877
1169
1169
1170
1169
1462
877
1169
1170
1169
1169
1169
1170
1170
1754
1169
1169
1169
1170
1169
877
1169
1170
1169
1170
1169
1169
877
1170
1169
1170
1169
1169
1169
1170
1169
1169
1169
1755
1169
877
1169
877
1169
1170
1169
1754
1169
1169
877
1169
1169
1169
1170
1169
877
1170
1170
877
1169
1170
1169
1170
1169
1169
877
1170
877
1170
1169
1170
1754
1169
1169
1170
1169
1170
1169
1462
1169
1462
1170
1169
1461
877
1462
1169
1170
877
1170
1169
1169
1169
1170
1169
1170
1169
1170
1170
1170
1170
1169
1170
1170
1462
1169
877
1170
877
1169
1461
877
877
1170
1169
1170
1169
1170
877
877
1169
1170
1169
1170
1169
1170
1169
1169
877
1170
1169
1170
1462
1170
1169
1170
1169
1169
878
1169
1170
1169
1462
1169
877
877
1169
1169
877
1169
1169
877
877
1169
1170
1169
1169
877
1169
1169
877
1170
1169
877
1462
1170
1170
1170
1169
1170
1462
1169
1169
1169
1755
1169
1170
1169
1170
1169
1170
1461
1170
1169
1169
1170
1169
1170
1169
1170
877
1169
877
1170
1169
1169
1169
1170
1169
1169
1169
1170
877
1755
877
1169
1462
1169
1462
1169
1170
1169
1170
1754
1170
1170
1169
1170
1169
1169
877
1170
1170
1169
1170
1169
1169
1169
877
1170
1169
1170
1169
1461
1169
1169
1462
877
1754
1169
1170
1169
1169
1170
1169
1169
1170
2046
1169
1170
1169
1170
1170
1169
1170
1169
1169
1169
1170
1170
1169
877
1170
1170
1170
1169
1169
1170
1169
2046
2047
1170
1170
1169
1170
1169
1170
1169
1169
1170
1170
1170
877
1169
1169
1169
1169
877
1170
1169
1169
1170
1169
1170
1170
1169
1169
1169
877
1170
1170
877
2046
1169
1170
1169
1170
1169
1170
877
1169
1462
1170
877
1169
1170
1169
1170
877
1170
1169
1169
1170
1170
1169
1169
1169
1169
1170
1170
877
1170
1169
1170
1754
1462
878
1169
1170
877
1169
1170
1169
877
1169
1170
1169
1169
1169
877
1169
1169
877
1169
1169
1169
1169
1169
1169
1462
1170
1169
1169
1169
1170
877
1754
1169
1170
1170
1169
1170
877
1170
1169
1169
1462
1169
1170
1169
1169
1170
1169
1462
1170
1169
1169
1170
1169
1169
1169
1169
1461
1169
878
1169
1170
1169
2046
1170
1169
1462
877
1169
1170
1169
1170
1169
1170
1169
1169
1170
1169
1169
1169
1170
1169
1170
1170
877
1170
1170
877
1170
877
1169
1170
1169
1170
1169
1755
1169
1170
1169
1462
1170
1169
877
1169
1170
1169
1169
1169
1170
877
1170
1169
1170
1169
1169
1170
1170
1170
1170
1169
1170
1169
1169
1169
1170
1170
877
2046
1170
1169
1169
1170
1462
1169
877
1169
1169
1169
1170
1169
1170
1169
1169
877
1170
877
1169
1170
1169
1169
1169
1170
1169
1170
1170
1169
877
1170
877
2047
1169
1170
1169
1170
1169
1462
1169
1170
1169
1170
1169
1170
1169
877
1169
1170
1169
1170
1170
877
1169
1169
1170
1170
1170
1169
1169
877
877
1169
1169
1754
877
1169
1169
1169
1170
15494
4093
1754
877
585
292
1170
585
292
584
292
585
292
292
585
584
584
585
584
292
585
584
584
584
585
293
585
292
585
293
585
292
585
585
292
585
293
585
585
877
585
292
584
584
585
292
292
585
292
292
585
293
585
292
584
877
293
293
585
292
585
293
584
584
585
292
584
585
585
584
292
585
584
292
585
584
292
293
584
292
585
585
585
293
585
585
585
585
585
293
585
585
292
293
292
585
585
292
585
585
292
293
585
584
293
292
584
293
292
584
292
292
292
584
585
585
584
585
585
292
585
293
292
585
585
292
585
293
585
584
293
292
584
585
292
584
877
585
585
585
584
292
585
292
584
292
585
585
293
585
292
585
293
584
292
585
293
584
585
292
584
585
292
292
292
585
292
584
585
292
584
585
584
584
585
585
585
292
585
585
584
293
585
584
585
877
293
585
292
585
585
292
585
585
292
585
585
292
292
585
293
584
584
585
292
584
585
585
292
585
585
585
293
585
585
293
585
585
877
585
585
292
293
585
585
293
585
292
585
585
584
293
585
292
585
585
292
293
585
292
585
585
584
292
585
584
585
292
584
585
585
585
292
292
585
584
292
585
584
292
585
584
292
585
585
584
292
585
584
585
292
584
585
293
292
585
585
585
293
585
585
293
585
585
585
292
292
585
584
292
585
584
585
585
292
585
585
292
585
877
585
585
292
292
585
585
585
292
585
585
293
584
292
585
585
292
292
584
293
585
292
585
585
293
584
292
585
293
584
292
585
877
292
584
585
292
584
292
585
584
292
585
584
585
293
292
585
585
877
585
292
585
585
585
293
584
292
292
585
292
292
584
585
292
584
292
