234173
244113
228910
227741
227449
228326
228033
226865
229203
228911
227156
236219
227741
227449
229203
227156
227157
228326
227157
228033
227449
227157
228326
227741
227741
229203
227741
228910
228034
228034
227741
227449
228326
231834
227741
228033
229787
227449
226864
229788
228033
227449
228033
228326
227157
227741
227157
228326
227741
227742
229203
227449
227156
228326
228619
227157
227741
227741
228033
228034
228034
229788
227449
227449
234173
228034
227449
230080
227157
230080
229203
227449
228034
227449
227449
228033
228033
227157
229203
227741
228033
227741
226572
227448
226572
227156
226864
227742
228034
228033
226864
227741
226571
227741
227449
228911
227742
227741
228034
227741
227448
228326
228034
228618
228618
228619
226865
227156
226571
228326
227741
228034
300829
227449
227449
228910
227157
227449
228034
229788
228619
228618
233296
229203
227449
226280
228618
228618
229496
227449
227741
227448
226572
228033
227449
228033
228911
227449
227449
228910
227741
227157
231834
227742
227741
229203
227157
227157
228326
227741
227741
227156
229203
248499
228911
228326
241189
228034
227448
228618
229203
227741
228618
227741
227156
229203
228911
228911
227449
227157
230372
227449
228326
230080
227448
227449
230372
230080
229496
238266
227449
244113
233004
228326
227742
228326
228618
229203
228325
228034
230957
227741
227449
229788
227157
227449
229495
228326
227157
228911
227156
227742
226572
227449
230664
227741
227741
229203
228618
227449
228033
228618
227156
228619
227741
226864
227449
227742
229495
226572
226572
228911
227157
227157
229787
228326
227741
227157
227741
293228
228034
228033
229203
228326
227156
228326
227741
227449
228326
228033
227156
226864
227742
227449
227156
227449
228034
227156
227156
241481
228034
228910
227156
227742
227742
228034
227156
228619
227157
227742
228326
227449
226864
228618
227742
227156
228618
228618
228326
227741
228325
228034
227742
226864
228034
227157
228326
228326
227157
228033
227449
228326
227156
228326
227741
228618
227742
228033
228911
228033
226864
251421
228911
228326
229495
228326
228033
228033
227157
228033
226572
228910
229787
228618
227157
227742
226279
223648
226571
227156
226864
227741
228911
228911
227449
227449
227156
228326
227449
227449
229495
228326
227741
228034
229787
227449
227448
229495
227741
227742
227741
228911
227741
228325
227741
227449
227448
228326
226280
228034
227449
228618
227741
228034
227156
228910
227157
227741
228033
227449
226864
227156
227741
226864
229495
227741
227741
227741
228910
226864
227449
225987
227156
227449
226571
227741
236804
227156
227449
228326
226864
227157
228326
228034
228325
227449
227449
226864
227157
228326
228911
228033
228326
228034
228618
227741
228618
227741
228326
228619
228034
229496
228618
227741
228033
227156
228034
228326
228034
227741
227742
227741
227448
228033
228034
229203
227449
227741
228033
227742
228033
228033
227157
227741
227741
228034
228034
227449
227156
227448
226864
228326
228034
228033
227741
228326
227156
227157
228034
227449
228326
228034
227157
228910
228034
228033
237681
232126
227157
228326
228910
228034
227448
227741
228326
228034
226864
228618
228618
228033
228326
227741
227741
226864
228911
228326
227742
228326
227741
228326
227156
227741
228326
227742
228033
226864
226572
228034
228326
227741
227741
228034
228326
227741
227156
228326
228326
226572
227741
227448
227741
228033
227742
227741
227156
227742
228326
228033
227741
227448
228326
227741
227157
228910
227449
227741
228033
228326
228326
227741
227448
229202
229203
227742
228326
226864
226864
227449
227157
227449
228326
228325
228034
227449
228034
227741
227449
228618
228911
228326
226864
227449
227741
227741
228033
228619
228326
228326
228326
237389
227741
227741
228618
227157
227157
228033
228034
228034
227742
227157
228326
228326
227157
228033
228033
227741
226572
227156
228033
228326
226864
227741
227742
227157
227449
226864
227742
226865
228618
228618
228034
228034
227449
227742
227449
228618
227449
228033
227449
228033
226864
228618
228619
227449
228326
227156
240313
226864
228033
229203
228033
228326
228618
228326
227741
227156
227449
229496
227449
226572
228910
227157
228033
227157
227157
228618
228326
227741
227157
226280
227741
228326
226279
227449
228034
227157
228033
227741
227741
228326
227156
227741
228618
228034
228033
228910
227157
227741
228618
227449
228326
227157
228033
226864
227449
228910
228326
227156
226571
233004
226864
228618
227449
227448
227741
227157
227741
228326
228034
228619
228326
227741
228911
229203
228326
228618
237389
227449
226864
227449
228033
227449
226864
228911
229788
227449
228326
229203
227156
227449
228033
228033
228033
228034
226864
228034
228034
227448
228910
227449
227449
228033
227449
228034
227449
227449
227449
227741
226864
227449
227157
229203
228033
227157
228326
227449
227741
227741
226571
227741
228033
228618
227449
238266
228034
226864
227448
227156
227741
228033
227448
228618
227157
227741
227449
228033
227449
228911
228326
227741
226864
227742
228618
227742
227741
228033
227448
227741
228911
228033
227741
228034
227741
227156
226864
226864
228034
227449
227741
228910
228619
227742
227156
228033
227741
226864
228619
227741
227448
227448
229203
228033
227449
227449
228326
228911
227448
227741
227449
228034
228034
227742
228034
227742
228326
228033
228034
227741
256684
228618
227156
228325
226864
226864
227742
228034
228326
228618
228034
227449
229203
227741
228034
227449
228618
227449
228618
228326
229787
227449
228033
227448
228034
228326
227157
227449
237973
228034
228326
228619
228033
226572
228034
228034
228034
227449
226572
228034
228619
228911
228911
227449
227449
228326
227449
228326
228326
228326
228034
226865
227449
227742
227157
229203
227741
227741
228618
227156
227741
227449
227449
227741
227449
227741
227449
228619
227741
227741
227741
227742
227449
228326
228325
238558
226864
227449
227741
228033
227449
227741
227742
227157
227741
228326
227741
227449
228326
228618
227157
228326
227449
229203
228033
228911
228326
227741
226571
227741
228326
227156
227449
227449
227742
226865
228033
226864
226572
227741
228326
227741
229203
228326
228325
226572
227449
227741
227741
227449
228326
227741
227157
227741
227156
230958
228910
227449
227741
228911
228326
234758
227449
227449
228911
227156
228034
227156
227449
227157
227449
228326
229495
228326
228326
236804
226864
228910
227741
228326
227157
227157
228618
227157
228034
227741
249375
227156
227741
228619
226865
228619
228034
227157
226864
227449
227449
228326
227156
227156
227741
226864
228033
228325
227448
228326
228033
228326
228326
228034
226864
228034
227448
227741
228618
228618
226864
227449
228326
230372
227449
226571
236220
226864
227449
228033
228618
228033
226864
228033
227741
226864
227449
227741
228618
227448
228911
228618
227156
228618
226280
228034
228033
227741
228910
227741
227449
228326
227449
227449
228618
226864
228326
227741
227449
227449
226864
226572
229495
228326
227448
227449
227449
227741
228618
227449
227741
226571
227157
227449
227449
227449
