41514
35960
33913
31282
30989
28943
29820
28065
27481
28358
27481
27773
26312
27188
27189
27189
27481
28066
26311
26019
25727
25434
26019
25142
24850
25435
39175
25434
72503
40929
33912
31282
28943
28651
27774
27481
26896
27189
26019
25727
26312
25726
25727
25727
25435
25434
25727
25727
25434
25142
24265
25142
25142
25142
25143
24557
24265
24850
24557
24557
24558
24557
25142
24849
24850
24557
24265
24558
23973
23973
23973
23973
24266
24558
23973
24265
24558
24558
24265
23973
23973
26312
24265
23973
40052
35082
32451
30697
28943
28358
27773
27188
26896
26604
26020
25727
26604
26604
26019
26604
25727
25143
25434
25726
25726
25434
25434
24557
25727
25142
25142
25142
25434
24557
24850
24265
24557
24265
24266
23972
24850
24850
24266
24557
24265
24265
23973
24850
24558
24265
24265
23973
24265
24557
24557
24558
59055
38006
35082
33036
30404
29820
28358
27774
26897
27189
27188
26604
26896
26604
25435
25434
25434
25727
25434
25434
24557
25727
25434
24849
25142
25142
24265
36544
24850
24850
24850
25435
24265
24850
24850
24850
24557
24557
23972
23973
24265
24557
24265
24265
24265
24265
24557
24265
23973
23973
23680
23680
23973
24265
23972
24850
23972
24265
23972
23973
24265
24265
23681
23680
23972
23973
23973
23680
23680
23680
23681
23973
23681
23973
24265
23388
23388
23680
23681
23680
23388
23680
23973
23973
24265
23681
23388
23389
23388
23680
23388
23973
23681
25143
24265
23972
23973
23973
23680
23973
23680
23681
23973
23680
23388
24265
23973
24265
24265
24265
23388
23096
23680
23972
23973
24265
23388
23973
25727
23973
23681
23680
23388
22803
23096
23681
23681
23388
23681
24265
23972
23388
23388
23681
23389
23388
23096
23388
23096
23681
24265
23973
23972
23973
23680
23388
23388
23681
23388
23680
23680
23680
23096
23680
23973
23681
24265
23388
23388
23973
23388
23096
23388
23681
23095
23681
23973
23680
23680
23973
23388
23388
23388
23681
23681
23680
23096
23388
23389
23681
23388
23681
23096
23096
23095
23388
23096
23388
23388
23388
23388
23388
23095
23096
22803
23096
23096
25434
23973
23388
23388
23095
23680
23388
23681
23095
23096
23096
23388
23680
23096
23681
23095
23681
23388
23681
23681
24265
23388
23096
23096
23973
23680
23680
23388
24265
24266
24266
23681
23680
23096
23096
23096
23388
23096
23388
23096
23973
23680
23388
23388
23681
23681
23095
23972
23680
23388
23388
23095
23388
23973
23972
23680
23973
23388
23388
23388
23388
22804
23388
22511
23095
23388
23973
23388
23095
23095
22803
23388
23096
23096
23388
23096
23388
23681
23388
23681
23388
23096
23388
23095
23096
23973
23388
23096
23096
23388
23095
23096
23096
22803
23096
23388
23389
23095
23680
23096
23388
23681
23680
23388
24265
23095
22803
23096
23388
23095
23096
23095
23681
23388
23972
23681
23388
23096
23388
23096
23096
23388
23096
22511
23096
23388
23388
23096
23680
23096
23096
23096
23388
23388
23681
23388
23680
23972
23388
23681
23681
23388
23096
23096
23096
23680
23388
23096
23388
23680
23681
23388
23388
22803
23095
23388
23096
23681
23096
22511
23388
23680
23388
23388
23388
23389
23095
23388
23095
23388
23095
23096
23973
23973
23388
24265
23680
23388
23680
23388
23973
23972
23972
23388
23973
23973
24266
24265
23681
23973
23680
23973
23973
23681
23973
23680
23680
23973
24265
24265
23680
23973
23972
23972
23680
23388
23973
23388
24557
23680
23680
23680
23388
23681
23388
23095
23680
23096
23388
22511
23388
23680
23388
23388
23388
23680
23388
24557
23973
23681
23388
23388
23973
23973
23972
23973
23680
23680
23388
23680
23680
23973
23388
23096
23680
23973
24265
23388
23096
23388
23388
23681
23680
23680
23388
23096
23973
23973
23973
23388
23388
23388
23389
23973
23680
23388
23388
23096
23681
24265
23972
23680
23681
24265
23973
23680
23973
23973
23096
23096
23388
23681
23680
23388
23388
23680
23095
23681
23680
23972
23680
22803
23973
24557
23388
23973
23388
23388
23388
23388
23388
23681
23680
23680
23681
24265
23681
23680
23680
24850
23681
23680
24557
23973
23973
23388
23973
23973
23973
23680
23680
23680
24558
23973
23681
23681
23388
23096
32743
26019
25726
25142
24557
24849
24265
24265
24265
24265
24265
23973
25142
24558
24557
23973
23973
23388
23680
23680
23973
24265
23972
24265
23681
24265
23972
24265
23388
24265
24265
24265
24557
23973
23388
23388
23680
23973
23681
24265
23388
23681
23680
23973
24850
24265
23973
23388
24265
24265
24265
23973
23973
24265
24265
23680
24265
23680
23388
23973
23973
23680
23680
23681
23680
24265
23973
23973
23681
23680
23388
23096
23681
23680
23681
23973
23388
23972
24557
23972
23972
23681
23388
22803
23681
23681
24265
23973
23388
23681
23388
23681
23680
23388
23388
22803
22804
23681
23388
23388
23096
23680
23681
23973
23681
23681
23096
23096
23681
23680
23680
23972
23388
24266
23973
24266
23973
23681
23388
23388
23388
23680
23388
23096
23096
23973
23973
24265
24558
23973
23680
23973
23680
23972
23972
23972
23388
23973
23680
23680
23681
23680
23096
23096
23388
23388
23388
23680
23096
23681
23388
23680
23388
23388
23388
23095
23388
23680
23095
23680
23388
23973
24265
24849
23972
23973
23096
23388
23681
23973
23680
23388
23096
23973
23973
23681
23680
23388
23095
23095
23096
23388
24265
23388
23388
23973
23972
23681
23973
23973
23681
23680
23973
23680
23973
23973
23096
23973
23973
23973
23681
23388
24265
39760
34790
31866
29820
29235
28065
34205
27774
27189
26604
26604
26019
25726
25142
25435
26312
25142
24849
24265
25142
25434
28358
28066
26604
25727
25142
24265
24558
24265
24265
24265
23680
23973
24266
23973
24265
24558
24265
23680
23972
24265
24265
24850
23973
24557
24265
24265
24850
23972
23388
23388
23973
24265
24265
24265
23680
23973
24265
23972
24557
23973
23681
23973
23973
24265
23680
24265
23680
23680
23972
23973
23973
23680
23388
23095
23388
23388
23681
23389
23096
23680
23680
23388
23096
23096
23681
23681
23388
23095
23388
23096
23096
23388
23388
23972
23681
23096
23388
23388
23388
23680
23680
23095
23096
23096
23388
23388
23680
23096
23681
23388
23680
23680
24265
23096
23095
23388
23388
23388
23388
22511
23388
23389
23680
23973
23388
23680
23680
23388
23681
23680
23388
23680
23680
23681
23681
