11092372
11102896
11077462
11086817
11089156
11078923
11083016
11078339
11114297
11083601
11135347
11078631
11131255
11184755
11159612
11085355
11299063
11144117
11096757
11110497
11091494
11090325
11094710
11084186
11095003
11085939
11090033
11108743
11090617
11093541
11088863
11093249
11085648
11105527
11082139
11086232
11103773
11092079
11085648
11084186
11097049
11085940
11089155
11101435
11123069
11094418
11095879
11090617
11085648
11088278
11084770
11086817
11086524
11109620
11109913
11109035
11091202
11084771
11091202
11089740
11089448
11088279
11175984
11086232
11150549
11152888
11080677
11147333
11180954
11076585
11146457
11166921
11142364
11113421
11085647
11075708
11075415
11079508
11078047
11104942
11221006
11163121
11068107
11153181
11341162
11083893
11099387
11093249
11113128
11136225
11109620
11103480
11110498
11088278
11088863
11093248
11090909
11124530
11109327
11099096
11101142
11104358
11088278
11093540
11084770
11131254
11090618
11090910
11085939
11091786
11094418
11093541
11092371
11082724
11112251
11087109
11094710
11095879
11167797
11168383
11149380
11178615
11147625
11130962
11091787
11090910
11093249
11107281
11154643
11156104
11088279
11151134
11164290
11103189
11089448
11091494
11091495
11085648
11086816
11092956
11124822
11178323
11167214
11082724
11155519
11151134
11084478
11418634
11242932
11235331
11111374
11306957
11318066
11382383
11247025
11284738
11123653
11250825
11297017
11136224
11345547
11287370
11290292
11180662
11105819
11103189
11126284
11157273
11105528
11095587
11099388
11101726
11083601
11096757
11088279
11224514
11117806
11149087
11228607
11272752
11229483
11150842
11178614
11162243
11196156
11082139
11209311
11157273
11124822
11341746
11323328
11095295
11111082
11100850
11099095
11096465
11090910
11086525
11095295
11090325
11087109
11111959
11094710
11122776
11232700
11123360
11144117
11208434
11155519
11149087
11174522
11080093
11153765
11151426
11072491
11152595
11151134
11085647
11132131
11154350
11114590
11117806
11152596
11114882
11148795
11131547
11081555
11088863
11158735
11140609
11109327
11147333
11141486
11084478
11117514
11154057
11095003
11092957
11082723
11085940
11077169
11073953
11076292
11082140
11095295
11073660
11084478
11080678
11072784
11079508
11080677
11086817
11078047
11097049
11096172
11085355
11081555
11078338
11097341
11080970
11083600
11079801
11105528
11100850
11105527
11096465
11094126
11097926
11080970
11085062
11075707
11104358
11077754
11093833
11082724
11084771
11083308
11079508
11081847
11100265
11095002
11095295
11081262
11092663
11096465
11091494
11084771
11094710
11107866
11101142
11106112
11122483
11472428
11151719
11111082
11204049
11152303
11104650
11155519
11147041
11114882
11127161
11148210
11122484
11112252
11167213
11117513
11078923
11146456
11156397
11084478
11150257
11257258
11075708
11132424
11156104
11109620
11119268
11149087
11116345
11126576
11148211
11153181
11097049
11159612
11143240
11083016
11147333
11156688
11237670
11120145
11149380
11129793
11177445
11186800
11111667
11085062
11087109
11082724
11087986
11120729
11118683
11083601
11075708
11078339
11086524
11078923
11078338
11083601
11124823
11096757
11092956
11092371
11099973
11104650
11084478
11100265
11087693
11118683
11123653
11102604
11095295
11095588
11085063
11090032
11090325
11129207
11090325
11087986
11091495
11087401
11092372
11088279
11091786
11107281
11111082
11086232
11096172
11091202
11084770
11085648
11102604
11083601
11092664
11106111
11082724
11093248
11088278
11092956
11086233
11091494
11088863
11089155
11102311
11093248
11088863
11092372
11085648
11084478
11093541
11084478
11111666
11108451
11093248
11093248
11087986
11091202
11092664
11098219
11087986
11117805
11169259
11120437
11121607
11146164
11124822
11156396
11155812
11113421
11141486
11099387
11135347
11090033
11145287
11158735
11078924
11148795
11146164
11121022
11081554
11076585
11085355
11080970
11156981
11140317
11147041
11096172
11167506
11110498
11116052
11090910
11088864
11096756
11091202
11083309
11122191
11120144
11109620
11087109
11092079
11087110
11087986
11092664
11088279
11123068
11093833
11091202
11083016
11095879
11100558
11090910
11089155
11110790
11096464
11090325
11089155
11218667
11080093
11076584
11077754
11074831
11099095
11090325
11080678
11077753
11078339
11078339
11081554
11082432
11081554
11097634
11081846
11071323
11085940
11080970
11076585
11082140
11076877
11079508
11097634
11088571
11066644
11078631
11073076
11075415
11075123
11083309
11097633
11080385
11070737
11077169
11072784
11075708
11078630
11079508
11085062
11109328
11079800
11074538
11095587
11090033
11080970
11075707
11089741
11106697
11107281
11138855
11087694
11146164
11110790
11090325
11101726
11090617
11097926
11081262
11078047
11080092
11077461
11083017
11083601
11079800
11080385
11092079
11083016
11084185
11080386
11092956
11078924
11081555
11087986
11082139
11110497
11097341
11092956
11088571
11092664
11087986
11090618
11085647
11089156
11112836
11098803
11143241
11128331
11151134
11122484
11221006
11179492
11169259
11083309
11116929
11160489
11119267
11116344
11152303
11120437
11116929
11162828
11117221
11118976
11159027
11150842
11083601
11286200
11150257
11116344
11131546
11163412
11120145
11121606
11147333
11119852
11119560
11151426
11137101
11100265
11154350
11181539
11087401
11152303
11156688
11151718
11114590
11165459
11134762
11148503
11214281
11305202
11291755
11224222
11163121
11087109
11139440
11109328
11079508
11080970
11083309
11085063
11085940
11080970
11080093
11099095
11116345
11154349
11079801
11089155
11085355
11098803
11081262
11098803
11081555
11108450
11084770
11077169
11084770
11077754
11086525
11075707
11111375
11098510
11094711
11090618
11088278
11093833
11088279
11085940
11087402
11111667
11099680
11140902
11123360
11151134
11122776
11218667
11189724
11141194
11116344
11162535
11112836
11079801
11155519
11153472
11123068
11113713
11170429
11115760
11121607
11148503
11120145
11121314
11282400
11114298
11115467
11169552
11154935
11079508
11151426
11152888
11127161
11108158
11153180
11117806
11131254
11154350
11114298
11118099
11166920
11135932
11213697
11151719
11249656
11174230
11125992
11093249
11090325
11089740
11092079
11086817
11088863
11125407
11207850
11120729
11149672
11116929
11150257
11087109
11097634
11085939
11147333
11153180
11110790
11121022
11151718
11118976
11135054
11168675
11130669
11119560
11161951
11127161
11084770
11151427
11151719
11112251
11121314
11173645
11086816
11079800
11074246
11088863
11080969
11081263
11079215
11083601
11112836
11093541
11100850
11080385
11085939
11078631
11082724
11080385
11080385
11087986
11072200
11084771
11083016
11078046
11080093
11081262
11086525
11093249
11082724
11078339
11083016
11083601
11077462
11090618
11080092
11083893
11092956
11079216
11085063
11085354
11085648
11074830
11085063
11077169
11082431
11151134
11132716
11125699
11151134
11151133
11116929
11162243
11089156
11103480
11119268
11213697
11117513
11080970
11077170
11077754
11078923
11078046
11094418
11121606
11080092
11083309
11075708
11111959
11087694
11080385
11432083
11136516
11102019
11092664
11093833
11074538
11076877
11090033
11101142
11079508
11096172
11083893
11090325
11082140
11083893
11080970
11085355
11078631
11097926
11082431
11085940
11088571
11078631
11081846
11078924
11083016
11078631
11110205
11097341
11100265
11092664
11083309
11096464
11101142
11092079
11087401
11106112
11098511
11088863
11090032
11089448
11086816
11096756
11089740
11091202
11095295
11099096
11080093
11088570
11089156
11081262
11095294
11079800
11106697
11105819
11102312
11088863
11087986
11101434
11083601
11092371
11086524
11116929
11091202
11108451
11212235
11119268
11089156
11093541
11171891
11113713
11120144
11150549
11135931
11094126
11086817
11110790
11149088
11084478
11106696
11105820
11102897
11097049
11092371
11107574
11085940
11087986
11102311
11113713
11091202
11093541
11092079
11089448
11089740
11085647
11144702
11089155
11112836
11114298
11105527
11094710
11087401
11092664
11092664
11092956
11087109
11121022
11095295
11098219
11092956
11095003
11085355
11094418
11093540
11114883
11084478
11101727
11360165
11349932
11410156
11264273
11377414
11256088
11403725
11361919
11593168
11509848
11461026
11331514
11406941
11447870
11369520
11093834
11097634
11087401
11089448
11096757
11087694
11091202
11086524
11113421
11101434
11099680
11090325
11087109
11088571
11083016
11446116
11317189
11185047
11092956
11092956
11094710
11092957
11088279
11083601
11090033
11116052
11276553
11175984
11178323
11084770
11080385
11075999
11083016
11077169
11106405
11104942
11097341
11097049
11095295
11102312
11083016
11096171
11683797
11206388
11233869
11307542
11177738
11150257
11133008
11074538
11131546
11083309
11121899
11105819
11098219
11118975
11099387
11087109
11092664
11090033
11113128
11092664
11094417
11095587
11090325
11085355
11089740
11093541
11090618
11111667
11086525
11087986
11091494
11094125
11079801
11103188
11085063
11093833
11119852
11098218
11090910
11088863
11090325
11085355
