455775
455190
455775
457236
455483
455190
455190
456067
456067
456652
453728
454605
454898
456360
455483
454605
453728
465423
453143
454021
453436
455775
454605
452851
454313
454313
456068
453728
454020
455482
454606
456652
456359
454313
453436
454021
453436
454605
453728
454313
454021
453729
453143
453436
453144
453729
454605
454021
454313
454021
454605
455190
454314
455190
455483
454898
454313
454898
455774
453729
454605
455190
455483
456067
455775
454606
454605
454605
454606
454021
454313
454898
455190
455483
457821
454898
455775
454313
454021
454313
454020
454605
456067
455775
454313
453436
453728
455482
453728
454313
453729
453728
454313
454313
453728
453436
452851
475655
456068
456359
455774
456068
453436
459576
453436
454605
454605
455190
453436
453729
453144
454021
455483
454898
454898
452559
454021
455482
453144
454313
453436
453436
454021
455190
453436
453436
453728
453729
454606
455774
455190
454313
459283
452851
454021
453728
454898
453436
454021
454898
453144
453728
453729
456359
453144
454313
452851
455482
455482
454313
452852
454020
454605
453728
453728
454313
455483
454898
456359
453729
453436
453728
454898
455190
456068
455775
454313
453729
455190
454313
463084
470100
476531
457822
461037
455775
457529
454606
454898
454020
455482
456652
455775
459576
456067
458698
456068
457821
457237
463376
454021
464837
454606
456068
455190
458990
455774
455482
454898
454313
534417
508398
482086
454021
468053
466592
465714
457237
461037
456944
455190
455190
456652
455482
454313
456359
455775
468054
456360
454898
454021
454898
454313
455482
454606
455190
455190
457237
455775
454313
456359
456652
461330
477701
454897
454313
454313
456360
458698
455482
455483
454897
456067
456360
457821
453436
464253
455190
456359
457821
455775
460160
455190
456360
456944
454898
454021
455190
455775
456652
455190
454898
453728
455775
455775
477993
455190
454898
456067
458406
457529
454020
454021
454313
457237
457529
454313
453143
454313
455190
454898
455482
454605
457821
462206
454898
454606
455190
455190
457237
456944
455483
454021
456944
527985
490857
456652
454313
453144
455775
458113
457821
457237
454898
454898
454020
454898
454313
455482
455190
454605
456944
455774
453436
453728
454606
455483
456067
455482
454605
455482
455483
457236
456945
454897
455775
455775
455190
456652
454898
455482
459283
454605
455483
454898
454605
454605
454898
455482
454605
453728
453436
454021
456944
454021
453728
454020
453436
459283
455482
457529
454313
456944
455775
456359
455190
457529
452851
520969
453728
526523
454606
454313
456067
456067
456068
454605
455190
454605
454897
455482
455482
453436
456067
454898
455483
455190
454605
453729
454021
453728
456652
453436
454021
454021
456067
458698
453728
463084
454605
494658
455483
493196
454605
456360
454605
458991
452851
455482
454898
456944
455190
453143
454605
453729
454605
455483
459868
454313
455775
454020
456652
454605
454897
453729
455482
455190
459868
453144
454313
486472
494073
455190
490272
469808
454313
457237
456067
457236
454605
454897
469223
455482
454606
454898
454021
462206
463084
456360
454313
454605
452851
460745
463668
454605
462499
453144
455775
469808
456944
452559
454898
453436
495827
454898
493781
453729
456068
455483
454020
456652
454021
454313
452851
458406
453436
454313
453144
455482
455775
457237
454021
454897
453728
458113
454605
455775
453729
483548
454898
454020
456359
454606
454897
453729
497874
453728
492026
453436
455190
456067
456360
453436
454898
453728
456359
455483
454606
453437
534125
456944
455483
462207
452851
454313
453143
456359
453436
454898
454021
454897
456067
456067
454021
459576
452559
454021
457237
453728
455190
453729
456652
454313
456359
453144
455775
452851
454313
454020
455190
453729
459576
455774
456651
453144
455190
453143
452851
454898
452851
456652
453144
456359
455775
456652
453729
455191
454313
495242
452559
491149
453144
456067
455774
456652
454021
454021
454898
454313
460160
454021
456067
454605
457529
454314
456359
453143
456067
453436
456067
453144
458406
454020
456359
456068
456359
452851
453436
452851
453729
494658
452851
492611
453728
456944
454313
456944
453728
457822
453436
456360
453436
453436
453728
456068
455482
455483
453728
453435
453728
453436
456944
453436
454898
454606
456067
455482
455190
453143
454606
454313
455482
492319
456359
490272
454897
455775
455190
455190
453436
456360
454898
456067
454606
456068
454313
455482
455190
457821
453729
458114
453728
454606
454313
454897
452852
457821
455190
456652
453729
452851
453728
453728
457237
492026
458406
490564
456360
455482
456652
454313
455775
453436
454313
455775
454605
453436
455190
455775
454021
455775
454313
455190
454313
454897
454313
455190
453729
477993
453436
457237
452852
455190
454020
458406
455482
457237
453436
454313
457821
454606
458699
453436
455482
454606
456944
453436
454898
452851
455775
456067
456067
453144
455775
454606
454020
456067
455775
453729
454021
457237
455775
458991
453436
459575
454020
456652
492026
456944
490273
456652
455190
457529
453728
454021
454021
456359
454313
454898
456067
453729
456651
455775
455483
453144
458406
454605
457529
454606
454606
453729
466007
455190
457529
453728
469223
454313
455774
455190
493781
454020
491149
458699
454606
454606
454605
455190
453436
456359
453143
455190
453437
456652
455483
457236
454313
454605
453729
454898
455190
454021
455775
454020
456359
453436
455190
453728
454021
452851
455775
453728
546988
453729
495534
455190
454897
454313
453436
454020
454313
456944
452851
453729
454021
456359
453728
459868
453728
455190
453143
456068
453728
455190
453436
470392
541726
466007
454897
453728
455190
454313
549912
491442
456360
490272
456067
454606
454605
502551
453435
455775
455190
456652
452851
459575
454605
456652
455190
454313
454606
457236
454020
455483
454313
453436
454021
456359
455483
455190
455775
453728
454313
454021
456067
497289
455190
490857
456359
455482
455775
453729
454313
453436
459867
454313
455775
454313
453436
456944
454314
456651
453436
454313
454313
454898
453144
454897
454605
481502
453728
456360
452558
454313
453436
455775
453436
494658
454313
490564
457236
454313
459576
453143
454313
453728
456652
453728
454605
453728
474486
454313
455483
453436
455483
453728
454898
454313
452852
455190
454313
457529
454898
453729
454021
459575
453436
456944
454313
454898
453729
497288
455190
456945
454021
454605
454313
454898
455191
453144
454313
454313
456651
454314
454898
452851
455190
452852
455482
454605
454605
454898
457821
455482
457236
453728
454897
453436
455482
454606
493488
456651
455190
460160
454605
455482
453728
456651
453436
457529
453143
454313
452559
457236
455775
456652
454021
453728
454605
454020
455483
454313
456944
454898
456067
455190
457236
454313
463084
454021
455775
454313
512198
452851
492903
456359
455190
454897
453436
454313
454020
460452
452267
454605
454021
456651
454021
457236
454021
455775
453436
454605
453436
454898
454606
454898
456652
460745
452559
453728
454898
452851
456360
452852
495535
453144
493488
454897
457237
454313
455483
